,ask,bid,change,contractSize,contractSymbol,currency,expiration,impliedVolatility,inTheMoney,lastPrice,lastTradeDate,openInterest,percentChange,strike,type,volume,dte,human_time
0,35.45,35.2,0.0,REGULAR,MU180720C00021000,USD,1532044800,4.359379550781249,True,32.3,1531145897,1299,0.0,21.0,call,1,3,2018-07-19 17:00:00
1,32.7,32.5,0.0,REGULAR,MU180720C00022000,USD,1532044800,1e-05,True,36.92,1527783331,200,0.0,22.0,call,3,3,2018-07-19 17:00:00
2,25.35,25.2,0.0,REGULAR,MU180720C00023000,USD,1532044800,1e-05,True,26.6,1524763298,98,0.0,23.0,call,1,3,2018-07-19 17:00:00
3,37.6,37.4,0.0,REGULAR,MU180720C00024000,USD,1532044800,10.01953498779297,True,35.2,1527084546,961,0.0,24.0,call,7,3,2018-07-19 17:00:00
4,31.45,31.25,0.0,REGULAR,MU180720C00025000,USD,1532044800,3.72656318359375,True,30.4,1531421432,915,0.0,25.0,call,5,3,2018-07-19 17:00:00
5,25.7,25.3,-3.7399998,REGULAR,MU180720C00026000,USD,1532044800,1e-05,True,25.15,1530635759,850,-12.945655,26.0,call,27,3,2018-07-19 17:00:00
6,29.45,29.2,0.0,REGULAR,MU180720C00027000,USD,1532044800,3.328126679687499,True,26.75,1531143002,143,0.0,27.0,call,2,3,2018-07-19 17:00:00
7,29.3,29.0,0.0,REGULAR,MU180720C00028000,USD,1532044800,4.646488566894532,True,32.0,1529589290,126,0.0,28.0,call,3,3,2018-07-19 17:00:00
8,27.45,27.2,0.0,REGULAR,MU180720C00029000,USD,1532044800,3.03906490234375,True,26.55,1531242940,413,0.0,29.0,call,10,3,2018-07-19 17:00:00
9,26.45,26.2,0.0,REGULAR,MU180720C00030000,USD,1532044800,2.89844025390625,True,23.93,1531157293,970,0.0,30.0,call,1,3,2018-07-19 17:00:00
10,20.75,20.35,0.0,REGULAR,MU180720C00031000,USD,1532044800,1e-05,True,22.95,1530555782,378,0.0,31.0,call,265,3,2018-07-19 17:00:00
11,24.45,24.2,2.83,REGULAR,MU180720C00032000,USD,1532044800,2.636722158203125,True,24.37,1531498275,287,13.138347,32.0,call,2,3,2018-07-19 17:00:00
12,27.35,27.1,-2.6800003,REGULAR,MU180720C00033000,USD,1532044800,6.205080368652344,True,27.41,1528910302,274,-8.906614,33.0,call,6,3,2018-07-19 17:00:00
13,17.75,17.35,0.0,REGULAR,MU180720C00034000,USD,1532044800,1e-05,True,20.3,1530560169,323,0.0,34.0,call,10,3,2018-07-19 17:00:00
14,21.45,21.2,1.2199993,REGULAR,MU180720C00035000,USD,1532044800,2.265629335937499,True,21.46,1531494867,1618,6.0276647,35.0,call,1,3,2018-07-19 17:00:00
15,20.5,20.2,0.0,REGULAR,MU180720C00036000,USD,1532044800,2.207035732421874,True,18.98,1531230779,523,0.0,36.0,call,3,3,2018-07-19 17:00:00
16,19.5,19.2,0.0,REGULAR,MU180720C00037000,USD,1532044800,2.089848525390624,True,16.83,1531156304,504,0.0,37.0,call,50,3,2018-07-19 17:00:00
17,18.5,18.2,0.0,REGULAR,MU180720C00038000,USD,1532044800,1.9765626171875001,True,16.2,1531164790,696,0.0,38.0,call,38,3,2018-07-19 17:00:00
18,17.5,17.2,0.0,REGULAR,MU180720C00039000,USD,1532044800,1.86328193359375,True,15.41,1531320135,468,0.0,39.0,call,1,3,2018-07-19 17:00:00
19,16.45,16.3,1.0299988,REGULAR,MU180720C00040000,USD,1532044800,1.798829130859375,True,16.38,1531498309,3343,6.7100897,40.0,call,10,3,2018-07-19 17:00:00
20,15.5,15.2,1.7200003,REGULAR,MU180720C00041000,USD,1532044800,1.6484392578125,True,15.13,1531505617,1977,12.82625,41.0,call,2,3,2018-07-19 17:00:00
21,14.45,14.3,0.9800004999999999,REGULAR,MU180720C00042000,USD,1532044800,1.5820333398437492,True,14.38,1531498365,4834,7.313437,42.0,call,6,3,2018-07-19 17:00:00
22,13.45,13.3,1.0799999,REGULAR,MU180720C00043000,USD,1532044800,1.4765651171875,True,13.4,1531511973,14251,8.766233,43.0,call,66,3,2018-07-19 17:00:00
23,12.45,12.35,0.95000076,REGULAR,MU180720C00044000,USD,1532044800,1.40625296875,True,12.35,1531511995,5995,8.333341,44.0,call,68,3,2018-07-19 17:00:00
24,11.45,11.3,0.9499998,REGULAR,MU180720C00045000,USD,1532044800,1.271488017578124,True,11.45,1531510871,11228,9.047617,45.0,call,772,3,2018-07-19 17:00:00
25,10.7,10.6,1.25,REGULAR,MU180720C00045500,USD,1532044800,0.500005,True,11.2,1531757659,3,12.562815,45.5,call,45,3,2018-07-19 17:00:00
26,10.45,10.3,0.75,REGULAR,MU180720C00046000,USD,1532044800,1.169926025390625,True,10.25,1531508285,5814,7.8947363,46.0,call,38,3,2018-07-19 17:00:00
27,10.0,9.8,0.0,REGULAR,MU180720C00046500,USD,1532044800,1.1484417578125,True,8.85,1531540548,9,0.0,46.5,call,9,3,2018-07-19 17:00:00
28,9.45,9.3,0.9499998,REGULAR,MU180720C00047000,USD,1532044800,1.0703171484375,True,9.45,1531510454,14031,11.176469,47.0,call,14,3,2018-07-19 17:00:00
29,8.7,8.6,1.3500003999999999,REGULAR,MU180720C00047500,USD,1532044800,0.7500025,True,9.35,1531758450,14,16.875004,47.5,call,1,3,2018-07-19 17:00:00
30,8.45,8.3,0.9499998,REGULAR,MU180720C00048000,USD,1532044800,0.970703417968749,True,8.4,1531510274,10237,12.751677,48.0,call,124,3,2018-07-19 17:00:00
31,8.0,7.75,0.0,REGULAR,MU180720C00048500,USD,1532044800,0.91992267578125,True,7.1,1531540549,13,0.0,48.5,call,13,3,2018-07-19 17:00:00
32,7.45,7.3,0.8800001,REGULAR,MU180720C00049000,USD,1532044800,0.8710950390625001,True,7.4,1531510551,11900,13.496934,49.0,call,168,3,2018-07-19 17:00:00
33,6.7,6.6,0.5,REGULAR,MU180720C00049500,USD,1532044800,0.5937540625000001,True,7.15,1531748134,40,7.5187964,49.5,call,5,3,2018-07-19 17:00:00
34,6.5,6.3,0.8400001500000001,REGULAR,MU180720C00050000,USD,1532044800,0.794923925781249,True,6.4,1531511759,24973,15.107916,50.0,call,904,3,2018-07-19 17:00:00
35,6.0,5.75,0.0,REGULAR,MU180720C00050500,USD,1532044800,0.7226590234375,True,4.05,1531540549,1,0.0,50.5,call,2,3,2018-07-19 17:00:00
36,5.5,5.35,0.86000013,REGULAR,MU180720C00051000,USD,1532044800,0.7128934960937501,True,5.35,1531511400,868,19.153679,51.0,call,158,3,2018-07-19 17:00:00
37,4.75,4.65,-0.03999996,REGULAR,MU180720C00051500,USD,1532044800,0.5039112109375,True,4.65,1531770303,420,-0.8528776,51.5,call,338,3,2018-07-19 17:00:00
38,4.55,4.45,0.7999997,REGULAR,MU180720C00052000,USD,1532044800,0.659183095703125,True,4.45,1531511946,1859,21.917799,52.0,call,183,3,2018-07-19 17:00:00
39,4.05,3.95,0.75,REGULAR,MU180720C00052500,USD,1532044800,0.6035195898437501,True,4.0,1531511965,18224,23.076923,52.5,call,271,3,2018-07-19 17:00:00
40,3.6,3.45,0.61000013,REGULAR,MU180720C00053000,USD,1532044800,0.561527822265625,True,3.46,1531511786,5827,21.403513,53.0,call,580,3,2018-07-19 17:00:00
41,3.15,3.05,0.6199998999999999,REGULAR,MU180720C00053500,USD,1532044800,0.543949873046875,True,3.1,1531511965,4518,24.999996,53.5,call,235,3,2018-07-19 17:00:00
42,2.73,2.65,0.5600002,REGULAR,MU180720C00054000,USD,1532044800,0.52539537109375,True,2.66,1531511904,5794,26.666677,54.0,call,1226,3,2018-07-19 17:00:00
43,2.32,2.26,0.51,REGULAR,MU180720C00054500,USD,1532044800,0.5039112109375,True,2.26,1531511973,4461,29.142857,54.5,call,692,3,2018-07-19 17:00:00
44,1.94,1.8900000000000001,0.44999993,REGULAR,MU180720C00055000,USD,1532044800,0.495122236328125,True,1.9,1531511985,44732,31.034475,55.0,call,13417,3,2018-07-19 17:00:00
45,1.5899999999999999,1.56,0.39,REGULAR,MU180720C00055500,USD,1532044800,0.47461462890625,True,1.58,1531511998,4596,32.773106,55.5,call,3754,3,2018-07-19 17:00:00
46,1.3,1.25,0.32,REGULAR,MU180720C00056000,USD,1532044800,0.46729048339843704,True,1.26,1531511937,6839,34.042553,56.0,call,6686,3,2018-07-19 17:00:00
47,1.01,0.99,0.26999998000000003,REGULAR,MU180720C00056500,USD,1532044800,0.44727115234375,False,1.01,1531511988,3891,36.48648,56.5,call,5787,3,2018-07-19 17:00:00
48,0.79,0.76,0.21999997000000002,REGULAR,MU180720C00057000,USD,1532044800,0.4414118359375,False,0.78,1531511993,5690,39.285706,57.0,call,7147,3,2018-07-19 17:00:00
49,0.6000000000000001,0.5700000000000001,0.16000003000000002,REGULAR,MU180720C00057500,USD,1532044800,0.4335994140625,False,0.6000000000000001,1531511995,16920,36.363644,57.5,call,27568,3,2018-07-19 17:00:00
50,0.45,0.42,0.13,REGULAR,MU180720C00058000,USD,1532044800,0.42969320312500003,False,0.44,1531511999,9583,41.935482,58.0,call,3458,3,2018-07-19 17:00:00
51,0.33,0.31,0.07000001,REGULAR,MU180720C00058500,USD,1532044800,0.42578699218750005,False,0.31,1531511967,1942,29.166672,58.5,call,1216,3,2018-07-19 17:00:00
52,0.23,0.21,0.03999999,REGULAR,MU180720C00059000,USD,1532044800,0.417974570312499,False,0.22,1531511851,3071,22.222216,59.0,call,1138,3,2018-07-19 17:00:00
53,0.17,0.15,0.04,REGULAR,MU180720C00059500,USD,1532044800,0.42285733398437503,False,0.16,1531511985,1422,33.333336,59.5,call,398,3,2018-07-19 17:00:00
54,0.12,0.1,0.009999998000000001,REGULAR,MU180720C00060000,USD,1532044800,0.42285733398437503,False,0.11,1531511997,125902,9.999998,60.0,call,6543,3,2018-07-19 17:00:00
55,0.09,0.07,0.020000003000000002,REGULAR,MU180720C00060500,USD,1532044800,0.42969320312500003,False,0.09,1531510699,1865,28.571432,60.5,call,74,3,2018-07-19 17:00:00
56,0.06,0.05,-0.009999998000000001,REGULAR,MU180720C00061000,USD,1532044800,0.42774009765625004,False,0.05,1531511444,3269,-16.666664,61.0,call,159,3,2018-07-19 17:00:00
57,0.05,0.03,0.0,REGULAR,MU180720C00061500,USD,1532044800,0.445318046875,False,0.05,1531505586,2039,0.0,61.5,call,4,3,2018-07-19 17:00:00
58,0.04,0.02,-0.01,REGULAR,MU180720C00062000,USD,1532044800,0.45703667968750006,False,0.03,1531511932,3752,-25.0,62.0,call,811,3,2018-07-19 17:00:00
59,0.03,0.02,0.0,REGULAR,MU180720C00062500,USD,1532044800,0.46484910156250003,False,0.02,1531511998,17528,0.0,62.5,call,838,3,2018-07-19 17:00:00
60,0.03,0.01,0.0,REGULAR,MU180720C00063000,USD,1532044800,0.49219257812500006,False,0.03,1531507597,1284,0.0,63.0,call,47,3,2018-07-19 17:00:00
61,0.02,0.01,0.0,REGULAR,MU180720C00063500,USD,1532044800,0.49219257812500006,False,0.02,1531410058,1128,0.0,63.5,call,20,3,2018-07-19 17:00:00
62,0.03,0.01,0.01,REGULAR,MU180720C00064000,USD,1532044800,0.51562984375,False,0.03,1531511747,1172,50.0,64.0,call,8,3,2018-07-19 17:00:00
63,0.02,0.01,0.0,REGULAR,MU180720C00064500,USD,1532044800,0.523442265625,False,0.03,1531238144,550,0.0,64.5,call,2,3,2018-07-19 17:00:00
64,0.01,0.0,-0.01,REGULAR,MU180720C00065000,USD,1532044800,0.51562984375,False,0.01,1531511978,46528,-50.0,65.0,call,1324,3,2018-07-19 17:00:00
65,0.03,0.0,-0.02,REGULAR,MU180720C00065500,USD,1532044800,0.570316796875,False,0.01,1531491122,578,-66.66667,65.5,call,100,3,2018-07-19 17:00:00
66,0.02,0.0,0.0,REGULAR,MU180720C00066000,USD,1532044800,0.5625043750000001,False,0.01,1531238144,2521,0.0,66.0,call,13,3,2018-07-19 17:00:00
67,0.03,0.0,-0.030000001000000002,REGULAR,MU180720C00066500,USD,1532044800,0.6250037500000001,False,0.02,1530885628,992,-60.000004,66.5,call,14,3,2018-07-19 17:00:00
68,0.03,0.0,0.0,REGULAR,MU180720C00067000,USD,1532044800,0.6406285937499999,False,0.01,1531501272,1377,0.0,67.0,call,1,3,2018-07-19 17:00:00
69,0.02,0.01,-0.01,REGULAR,MU180720C00067500,USD,1532044800,0.67187828125,False,0.01,1531506139,12255,-50.0,67.5,call,67,3,2018-07-19 17:00:00
70,0.02,0.0,0.0,REGULAR,MU180720C00068000,USD,1532044800,0.6562534375000001,False,0.02,1531495364,417,0.0,68.0,call,2,3,2018-07-19 17:00:00
71,0.03,0.0,0.0,REGULAR,MU180720C00069000,USD,1532044800,0.73437765625,False,0.02,1531229769,1445,0.0,69.0,call,4,3,2018-07-19 17:00:00
72,0.01,0.0,0.0,REGULAR,MU180720C00070000,USD,1532044800,0.6875031250000001,False,0.01,1531508351,44251,0.0,70.0,call,316,3,2018-07-19 17:00:00
73,0.03,0.0,0.0,REGULAR,MU180720C00071000,USD,1532044800,0.8281267187499991,False,0.01,1531490887,1389,0.0,71.0,call,1,3,2018-07-19 17:00:00
74,0.01,0.0,0.0,REGULAR,MU180720C00075000,USD,1532044800,0.8750012500000001,False,0.01,1530889805,30194,0.0,75.0,call,8,3,2018-07-19 17:00:00
75,0.01,0.0,-0.02,REGULAR,MU180720C00080000,USD,1532044800,1.0625046875,False,0.01,1531507349,7432,-66.66667,80.0,call,2,3,2018-07-19 17:00:00
76,0.01,0.0,0.0,REGULAR,MU180720C00085000,USD,1532044800,1.21875390625,False,0.01,1530886161,22329,0.0,85.0,call,100,3,2018-07-19 17:00:00
77,0.01,0.0,0.0,REGULAR,MU180720C00090000,USD,1532044800,1.375003124999999,False,0.01,1530884047,5918,0.0,90.0,call,1,3,2018-07-19 17:00:00
78,0.02,0.0,0.0,REGULAR,MU180720P00021000,USD,1532044800,3.0000025,False,0.02,1529946408,232,0.0,21.0,put,6,3,2018-07-19 17:00:00
79,0.02,0.0,0.0,REGULAR,MU180720P00022000,USD,1532044800,2.8750028125,False,0.02,1530542464,712,0.0,22.0,put,2,3,2018-07-19 17:00:00
80,0.08,0.0,0.0,REGULAR,MU180720P00023000,USD,1532044800,3.218751953124999,False,0.04,1521732594,196,0.0,23.0,put,53,3,2018-07-19 17:00:00
81,0.02,0.0,0.0,REGULAR,MU180720P00024000,USD,1532044800,2.6250034375,False,0.02,1527010642,227,0.0,24.0,put,6,3,2018-07-19 17:00:00
82,0.11,0.04,0.0,REGULAR,MU180720P00025000,USD,1532044800,3.19531451171875,False,0.04,1524491427,607,0.0,25.0,put,20,3,2018-07-19 17:00:00
83,0.05,0.0,0.0,REGULAR,MU180720P00026000,USD,1532044800,2.656253359375,False,0.02,1525980562,190,0.0,26.0,put,85,3,2018-07-19 17:00:00
84,0.03,0.0,0.0,REGULAR,MU180720P00027000,USD,1532044800,2.375004062499999,False,0.01,1527776216,758,0.0,27.0,put,5,3,2018-07-19 17:00:00
85,0.02,0.0,0.0,REGULAR,MU180720P00028000,USD,1532044800,2.187504531249999,False,0.01,1529941087,1358,0.0,28.0,put,42,3,2018-07-19 17:00:00
86,0.02,0.0,0.0,REGULAR,MU180720P00029000,USD,1532044800,2.062504843749999,False,0.01,1528132826,613,0.0,29.0,put,28,3,2018-07-19 17:00:00
87,0.02,0.0,-0.01,REGULAR,MU180720P00030000,USD,1532044800,1.96875015625,False,0.02,1527862555,2704,-33.333336,30.0,put,6,3,2018-07-19 17:00:00
88,0.02,0.0,0.0,REGULAR,MU180720P00031000,USD,1532044800,1.8750006250000002,False,0.01,1528815027,1124,0.0,31.0,put,15,3,2018-07-19 17:00:00
89,0.02,0.0,-0.01,REGULAR,MU180720P00032000,USD,1532044800,1.78125109375,False,0.01,1529069462,1052,-50.0,32.0,put,40,3,2018-07-19 17:00:00
90,0.02,0.0,0.0,REGULAR,MU180720P00033000,USD,1532044800,1.6875015625,False,0.01,1529595765,3960,0.0,33.0,put,10,3,2018-07-19 17:00:00
91,0.05,0.0,0.0,REGULAR,MU180720P00034000,USD,1532044800,1.78125109375,False,0.02,1527172120,1561,0.0,34.0,put,10,3,2018-07-19 17:00:00
92,0.02,0.0,0.0,REGULAR,MU180720P00035000,USD,1532044800,1.531252343749999,False,0.01,1531143286,4814,0.0,35.0,put,1,3,2018-07-19 17:00:00
93,0.03,0.02,0.0,REGULAR,MU180720P00036000,USD,1532044800,1.609376953125,False,0.01,1529948911,3371,0.0,36.0,put,2,3,2018-07-19 17:00:00
94,0.02,0.0,0.0,REGULAR,MU180720P00037000,USD,1532044800,1.375003124999999,False,0.01,1531234856,20284,0.0,37.0,put,50,3,2018-07-19 17:00:00
95,0.05,0.02,-0.01,REGULAR,MU180720P00038000,USD,1532044800,1.484377578125,False,0.03,1530118322,6675,-25.0,38.0,put,1,3,2018-07-19 17:00:00
96,0.01,0.0,0.0,REGULAR,MU180720P00039000,USD,1532044800,1.125004375,False,0.01,1531230310,6064,0.0,39.0,put,10,3,2018-07-19 17:00:00
97,0.01,0.0,0.0,REGULAR,MU180720P00040000,USD,1532044800,1.0625046875,False,0.03,1531325247,71911,0.0,40.0,put,25,3,2018-07-19 17:00:00
98,0.01,0.0,0.0,REGULAR,MU180720P00041000,USD,1532044800,0.9687503125,False,0.02,1531330282,4884,0.0,41.0,put,16,3,2018-07-19 17:00:00
99,0.01,0.0,0.0,REGULAR,MU180720P00042000,USD,1532044800,0.9062509375000001,False,0.02,1531247741,22617,0.0,42.0,put,1,3,2018-07-19 17:00:00
100,0.01,0.0,0.0,REGULAR,MU180720P00043000,USD,1532044800,0.843751562499999,False,0.01,1531510468,24049,0.0,43.0,put,16,3,2018-07-19 17:00:00
101,0.03,0.01,0.0,REGULAR,MU180720P00044000,USD,1532044800,0.9062509375000001,False,0.01,1531510240,5937,0.0,44.0,put,28,3,2018-07-19 17:00:00
102,0.03,0.01,0.0,REGULAR,MU180720P00045000,USD,1532044800,0.8359391406249991,False,0.01,1531510760,11323,0.0,45.0,put,624,3,2018-07-19 17:00:00
103,0.04,0.0,0.0,REGULAR,MU180720P00045500,USD,1532044800,0.79687703125,False,0.04,1531540566,10,0.0,45.5,put,10,3,2018-07-19 17:00:00
104,0.02,0.01,-0.01,REGULAR,MU180720P00046000,USD,1532044800,0.73437765625,False,0.01,1531508414,7276,-50.0,46.0,put,12,3,2018-07-19 17:00:00
105,0.02,0.0,-0.02,REGULAR,MU180720P00047000,USD,1532044800,0.6250037500000001,False,0.01,1531511873,11734,-66.66667,47.0,put,165,3,2018-07-19 17:00:00
106,0.02,0.0,-0.02,REGULAR,MU180720P00047500,USD,1532044800,0.5937540625000001,False,0.01,1531752779,49,-66.66667,47.5,put,10,3,2018-07-19 17:00:00
107,0.03,0.02,-0.01,REGULAR,MU180720P00048000,USD,1532044800,0.6406285937499999,False,0.02,1531511581,13665,-33.333336,48.0,put,228,3,2018-07-19 17:00:00
108,0.03,0.01,0.0,REGULAR,MU180720P00048500,USD,1532044800,0.57812921875,False,0.04,1531540567,97,0.0,48.5,put,7,3,2018-07-19 17:00:00
109,0.04,0.03,0.0,REGULAR,MU180720P00049000,USD,1532044800,0.5937540625000001,False,0.04,1531511337,3832,0.0,49.0,put,121,3,2018-07-19 17:00:00
110,0.02,0.01,-0.04,REGULAR,MU180720P00049500,USD,1532044800,0.507817421875,False,0.02,1531764271,57,-66.66667,49.5,put,20,3,2018-07-19 17:00:00
111,0.05,0.04,-0.02,REGULAR,MU180720P00050000,USD,1532044800,0.5429733203125,False,0.05,1531511848,39437,-28.571426,50.0,put,1205,3,2018-07-19 17:00:00
112,0.03,0.02,-0.02,REGULAR,MU180720P00050500,USD,1532044800,0.4687553125,False,0.02,1531763030,175,-50.0,50.5,put,31,3,2018-07-19 17:00:00
113,0.06,0.05,-0.06,REGULAR,MU180720P00051000,USD,1532044800,0.49219257812500006,False,0.06,1531511980,1568,-50.0,51.0,put,125,3,2018-07-19 17:00:00
114,0.05,0.03,-0.029999997,REGULAR,MU180720P00051500,USD,1532044800,0.4335994140625,False,0.05,1531767759,1221,-37.499996,51.5,put,120,3,2018-07-19 17:00:00
115,0.1,0.09,-0.10999999,REGULAR,MU180720P00052000,USD,1532044800,0.45898978515625005,False,0.1,1531511950,3972,-52.38095,52.0,put,493,3,2018-07-19 17:00:00
116,0.13,0.12,-0.16,REGULAR,MU180720P00052500,USD,1532044800,0.44336494140625,False,0.12,1531511988,16407,-57.142853,52.5,put,1127,3,2018-07-19 17:00:00
117,0.17,0.15,-0.21999998,REGULAR,MU180720P00053000,USD,1532044800,0.428716650390625,False,0.17,1531511902,4340,-56.41025,53.0,put,691,3,2018-07-19 17:00:00
118,0.23,0.21,-0.25,REGULAR,MU180720P00053500,USD,1532044800,0.41895112304687504,False,0.22,1531511988,2578,-53.19149,53.5,put,1150,3,2018-07-19 17:00:00
119,0.30000000000000004,0.28,-0.31,REGULAR,MU180720P00054000,USD,1532044800,0.40430283203125,False,0.30000000000000004,1531511720,3130,-50.81967,54.0,put,1736,3,2018-07-19 17:00:00
120,0.41000000000000003,0.38,-0.4,REGULAR,MU180720P00054500,USD,1532044800,0.39942006835937505,False,0.4,1531511848,1917,-50.0,54.5,put,829,3,2018-07-19 17:00:00
121,0.53,0.52,-0.43,REGULAR,MU180720P00055000,USD,1532044800,0.38574833007812404,False,0.54,1531511966,49215,-44.329895,55.0,put,10672,3,2018-07-19 17:00:00
122,0.6900000000000001,0.66,-0.51000005,REGULAR,MU180720P00055500,USD,1532044800,0.375982802734375,False,0.6900000000000001,1531511926,2266,-42.5,55.5,put,1063,3,2018-07-19 17:00:00
123,0.89,0.86,-0.56000006,REGULAR,MU180720P00056000,USD,1532044800,0.36817038085937503,False,0.9,1531511969,1905,-38.356167,56.0,put,2008,3,2018-07-19 17:00:00
124,1.13,1.09,-0.64,REGULAR,MU180720P00056500,USD,1532044800,0.35938140625,True,1.12,1531511911,1468,-36.363636,56.5,put,1439,3,2018-07-19 17:00:00
125,1.4100000000000001,1.3599999999999999,-0.73000014,REGULAR,MU180720P00057000,USD,1532044800,0.349615878906249,True,1.4,1531511891,1398,-34.272305,57.0,put,1543,3,2018-07-19 17:00:00
126,1.72,1.6800000000000002,-0.71000004,REGULAR,MU180720P00057500,USD,1532044800,0.33399103515625,True,1.72,1531511960,17762,-29.218107,57.5,put,22342,3,2018-07-19 17:00:00
127,2.07,2.01,-0.80999994,REGULAR,MU180720P00058000,USD,1532044800,0.31543653320312404,True,2.06,1531511869,5719,-28.222996,58.0,put,417,3,2018-07-19 17:00:00
128,2.47,2.4,-0.77,REGULAR,MU180720P00058500,USD,1532044800,0.29981168945312503,True,2.58,1531508695,384,-22.985075,58.5,put,74,3,2018-07-19 17:00:00
129,2.9,2.81,-0.78,REGULAR,MU180720P00059000,USD,1532044800,0.275397871093749,True,2.9,1531511211,1162,-21.195652,59.0,put,67,3,2018-07-19 17:00:00
130,3.3,3.25,0.0,REGULAR,MU180720P00059500,USD,1532044800,1e-05,True,4.6,1531409138,650,0.0,59.5,put,2,3,2018-07-19 17:00:00
131,3.8,3.65,-0.77,REGULAR,MU180720P00060000,USD,1532044800,1e-05,True,3.83,1531511119,86592,-16.73913,60.0,put,419,3,2018-07-19 17:00:00
132,4.3,4.15,-1.0100002,REGULAR,MU180720P00060500,USD,1532044800,1e-05,True,4.29,1531493221,908,-19.056608,60.5,put,200,3,2018-07-19 17:00:00
133,4.75,4.6,-0.7999997,REGULAR,MU180720P00061000,USD,1532044800,1e-05,True,4.9,1531493697,738,-14.035084,61.0,put,17,3,2018-07-19 17:00:00
134,5.25,5.1,0.0,REGULAR,MU180720P00061500,USD,1532044800,1e-05,True,6.7,1531402671,205,0.0,61.5,put,11,3,2018-07-19 17:00:00
135,5.75,5.6,-1.0,REGULAR,MU180720P00062000,USD,1532044800,1e-05,True,5.55,1531492452,603,-15.267176,62.0,put,9,3,2018-07-19 17:00:00
136,6.25,6.1,-1.1500001,REGULAR,MU180720P00062500,USD,1532044800,1e-05,True,6.1,1531491346,5109,-15.86207,62.5,put,9,3,2018-07-19 17:00:00
137,6.75,6.55,0.0,REGULAR,MU180720P00063000,USD,1532044800,1e-05,True,8.05,1531403192,512,0.0,63.0,put,4,3,2018-07-19 17:00:00
138,7.25,7.05,-5.15,REGULAR,MU180720P00063500,USD,1532044800,1e-05,True,7.85,1531489539,111,-39.615387,63.5,put,3,3,2018-07-19 17:00:00
139,11.65,11.45,-0.3000002,REGULAR,MU180720P00064000,USD,1532044800,2.482425668945312,True,11.05,1530298457,186,-2.6431735,64.0,put,20,3,2018-07-19 17:00:00
140,11.8,11.5,-1.6400003,REGULAR,MU180720P00064500,USD,1532044800,2.375492342529296,True,9.96,1530110502,92,-14.137934,64.5,put,1,3,2018-07-19 17:00:00
141,8.75,8.5,-0.5999994,REGULAR,MU180720P00065000,USD,1532044800,1e-05,True,9.1,1531489207,5479,-6.185561,65.0,put,2,3,2018-07-19 17:00:00
142,9.3,9.0,0.0,REGULAR,MU180720P00065500,USD,1532044800,1e-05,True,10.25,1531244389,32,0.0,65.5,put,1,3,2018-07-19 17:00:00
143,9.8,9.5,0.0,REGULAR,MU180720P00066000,USD,1532044800,1e-05,True,11.9,1531316553,65,0.0,66.0,put,5,3,2018-07-19 17:00:00
144,9.9,9.55,0.0,REGULAR,MU180720P00066500,USD,1532044800,1e-05,True,7.25,1529726303,87,0.0,66.5,put,21,3,2018-07-19 17:00:00
145,10.35,10.0,0.0,REGULAR,MU180720P00067000,USD,1532044800,1e-05,True,9.4,1529726303,35,0.0,67.0,put,3,3,2018-07-19 17:00:00
146,11.3,11.0,0.0,REGULAR,MU180720P00067500,USD,1532044800,1e-05,True,12.2,1531415616,875,0.0,67.5,put,10,3,2018-07-19 17:00:00
147,11.75,11.5,0.0,REGULAR,MU180720P00068000,USD,1532044800,1e-05,True,12.65,1531405500,17,0.0,68.0,put,10,3,2018-07-19 17:00:00
148,12.25,11.85,0.0,REGULAR,MU180720P00069000,USD,1532044800,1e-05,True,9.65,1529726303,123,0.0,69.0,put,20,3,2018-07-19 17:00:00
149,13.75,13.55,-1.5,REGULAR,MU180720P00070000,USD,1532044800,1e-05,True,13.9,1531505350,759,-9.74026,70.0,put,46,3,2018-07-19 17:00:00
150,18.2,18.0,0.0,REGULAR,MU180720P00071000,USD,1532044800,2.972658818359375,True,17.0,1529934194,52,0.0,71.0,put,1,3,2018-07-19 17:00:00
151,21.9,21.65,-0.44999886,REGULAR,MU180720P00075000,USD,1532044800,3.151369309082031,True,21.7,1530904516,728,-2.0315976,75.0,put,5,3,2018-07-19 17:00:00
152,27.2,26.95,0.0,REGULAR,MU180720P00080000,USD,1532044800,3.649414938964844,True,25.45,1530041787,146,0.0,80.0,put,2,3,2018-07-19 17:00:00
153,28.1,27.75,-0.39999962,REGULAR,MU180720P00085000,USD,1532044800,1e-05,True,25.2,1529674584,66,-1.5624986,85.0,put,12,3,2018-07-19 17:00:00
154,28.7,28.45,0.0,REGULAR,MU180720P00090000,USD,1532044800,1e-05,True,30.5,1528488323,1,0.0,90.0,put,1,3,2018-07-19 17:00:00
155,16.5,16.3,1.0,REGULAR,MU180727C00040000,USD,1532649600,1.1875040625,True,16.25,1531508375,3,6.557377,40.0,call,2,10,2018-07-26 17:00:00
156,11.55,11.35,0.9499998,REGULAR,MU180727C00045000,USD,1532649600,0.878907460937499,True,11.5,1531510612,145,9.004738,45.0,call,14,10,2018-07-26 17:00:00
157,9.65,9.3,0.0,REGULAR,MU180727C00047000,USD,1532649600,0.7578149218750001,True,7.55,1531315801,60,0.0,47.0,call,60,10,2018-07-26 17:00:00
158,8.25,8.2,0.9499998,REGULAR,MU180727C00048000,USD,1532649600,0.521489160156249,True,9.0,1531748671,50,11.80124,48.0,call,19,10,2018-07-26 17:00:00
159,7.65,7.35,0.0,REGULAR,MU180727C00049000,USD,1532649600,0.6347692773437501,True,6.0,1531229509,28,0.0,49.0,call,1,10,2018-07-26 17:00:00
160,6.65,6.5,0.6500001,REGULAR,MU180727C00050000,USD,1532649600,0.601566484375,True,6.4,1531505105,314,11.30435,50.0,call,7,10,2018-07-26 17:00:00
161,6.25,6.05,0.17999983,REGULAR,MU180727C00050500,USD,1532649600,0.5976602734375001,True,5.5,1531489654,44,3.3834555,50.5,call,5,10,2018-07-26 17:00:00
162,5.75,5.6,0.7999997,REGULAR,MU180727C00051000,USD,1532649600,0.570316796875,True,5.6,1531502973,254,16.66666,51.0,call,161,10,2018-07-26 17:00:00
163,5.3,5.1,0.0,REGULAR,MU180727C00051500,USD,1532649600,0.5419967675781251,True,4.6,1531231630,98,0.0,51.5,call,1,10,2018-07-26 17:00:00
164,4.85,4.75,0.5999998999999999,REGULAR,MU180727C00052000,USD,1532649600,0.539067109375,True,4.69,1531509467,277,14.669924,52.0,call,37,10,2018-07-26 17:00:00
165,4.4,4.3,0.5399999600000001,REGULAR,MU180727C00052500,USD,1532649600,0.5146532910156251,True,4.29,1531511456,298,14.4,52.5,call,25,10,2018-07-26 17:00:00
166,4.0,3.9,0.54999995,REGULAR,MU180727C00053000,USD,1532649600,0.504887763671874,True,3.85,1531508843,546,16.666666,53.0,call,45,10,2018-07-26 17:00:00
167,3.6,3.5,0.48000002,REGULAR,MU180727C00053500,USD,1532649600,0.504887763671874,True,3.48,1531511629,727,16.000002,53.5,call,91,10,2018-07-26 17:00:00
168,3.2,3.15,0.55999994,REGULAR,MU180727C00054000,USD,1532649600,0.48682153808593703,True,3.2,1531511845,2060,21.212118,54.0,call,1577,10,2018-07-26 17:00:00
169,2.86,2.81,0.42000008,REGULAR,MU180727C00054500,USD,1532649600,0.48096222167968705,True,2.75,1531509739,443,18.025755,54.5,call,328,10,2018-07-26 17:00:00
170,2.5,2.47,0.45000005,REGULAR,MU180727C00055000,USD,1532649600,0.46484910156250003,True,2.5,1531511817,1492,21.951221,55.0,call,761,10,2018-07-26 17:00:00
171,2.21,2.17,0.35000014,REGULAR,MU180727C00055500,USD,1532649600,0.462407719726562,True,2.13,1531509323,397,19.66293,55.5,call,219,10,2018-07-26 17:00:00
172,1.92,1.88,0.32000005,REGULAR,MU180727C00056000,USD,1532649600,0.45459529785156205,True,1.88,1531511937,1479,20.512825,56.0,call,899,10,2018-07-26 17:00:00
173,1.67,1.62,0.26,REGULAR,MU180727C00056500,USD,1532649600,0.45166563964843703,False,1.5899999999999999,1531511582,489,19.54887,56.5,call,316,10,2018-07-26 17:00:00
174,1.43,1.38,0.22000003,REGULAR,MU180727C00057000,USD,1532649600,0.44580632324218705,False,1.38,1531511767,941,18.96552,57.0,call,466,10,2018-07-26 17:00:00
175,1.21,1.17,0.24000007,REGULAR,MU180727C00057500,USD,1532649600,0.43945873046875,False,1.2,1531511978,1676,25.00001,57.5,call,573,10,2018-07-26 17:00:00
176,1.02,0.99,0.18,REGULAR,MU180727C00058000,USD,1532649600,0.43506424316406206,False,0.98,1531511890,1233,22.5,58.0,call,409,10,2018-07-26 17:00:00
177,0.85,0.8200000000000001,0.15999997,REGULAR,MU180727C00058500,USD,1532649600,0.43066975585937506,False,0.8200000000000001,1531511866,707,24.242418,58.5,call,111,10,2018-07-26 17:00:00
178,0.7000000000000001,0.68,0.11000001400000001,REGULAR,MU180727C00059000,USD,1532649600,0.42578699218750005,False,0.68,1531511499,704,19.298248,59.0,call,419,10,2018-07-26 17:00:00
179,0.6000000000000001,0.56,0.09,REGULAR,MU180727C00059500,USD,1532649600,0.43066975585937506,False,0.55,1531511583,536,19.565218,59.5,call,76,10,2018-07-26 17:00:00
180,0.48,0.46,0.06999999,REGULAR,MU180727C00060000,USD,1532649600,0.42383388671875,False,0.45,1531511344,3009,18.421051,60.0,call,1016,10,2018-07-26 17:00:00
181,0.39,0.37,0.07999998,REGULAR,MU180727C00060500,USD,1532649600,0.42188078124999995,False,0.38,1531511874,449,26.666657999999998,60.5,call,167,10,2018-07-26 17:00:00
182,0.33,0.30000000000000004,0.01999998,REGULAR,MU180727C00061000,USD,1532649600,0.426763544921875,False,0.29,1531511338,1693,7.4074,61.0,call,82,10,2018-07-26 17:00:00
183,0.26,0.24,0.07000001,REGULAR,MU180727C00061500,USD,1532649600,0.42285733398437503,False,0.27,1531492951,368,35.000004,61.5,call,1,10,2018-07-26 17:00:00
184,0.21,0.19,0.0,REGULAR,MU180727C00062000,USD,1532649600,0.42383388671875,False,0.18,1531507786,1781,0.0,62.0,call,745,10,2018-07-26 17:00:00
185,0.17,0.15,0.040000007000000004,REGULAR,MU180727C00062500,USD,1532649600,0.42383388671875,False,0.18,1531497420,313,28.571432,62.5,call,12,10,2018-07-26 17:00:00
186,0.14,0.12,0.0,REGULAR,MU180727C00063000,USD,1532649600,0.42774009765625004,False,0.11,1531337669,827,0.0,63.0,call,5,10,2018-07-26 17:00:00
187,0.11,0.09,0.0,REGULAR,MU180727C00063500,USD,1532649600,0.426763544921875,False,0.09,1531407515,168,0.0,63.5,call,27,10,2018-07-26 17:00:00
188,0.09,0.07,0.009999998000000001,REGULAR,MU180727C00064000,USD,1532649600,0.42969320312500003,False,0.1,1531499334,200,11.111108,64.0,call,18,10,2018-07-26 17:00:00
189,0.08,0.06,0.010000005000000001,REGULAR,MU180727C00064500,USD,1532649600,0.43945873046875,False,0.09,1531491523,134,12.500008,64.5,call,40,10,2018-07-26 17:00:00
190,0.06,0.04,0.009999998000000001,REGULAR,MU180727C00065000,USD,1532649600,0.43555251953125,False,0.06,1531506373,1173,19.999996,65.0,call,60,10,2018-07-26 17:00:00
191,0.05,0.02,0.0,REGULAR,MU180727C00066000,USD,1532649600,0.45898978515625005,False,0.07,1531315808,173,0.0,66.0,call,1,10,2018-07-26 17:00:00
192,0.04,0.03,0.0,REGULAR,MU180727C00067000,USD,1532649600,0.476567734375,False,0.04,1531412081,315,0.0,67.0,call,84,10,2018-07-26 17:00:00
193,0.02,0.01,0.0,REGULAR,MU180727C00068000,USD,1532649600,0.46094289062500005,False,0.02,1531317591,61,0.0,68.0,call,1,10,2018-07-26 17:00:00
194,0.02,0.0,-0.01,REGULAR,MU180727C00069000,USD,1532649600,0.49219257812500006,False,0.02,1531503970,97,-33.333336,69.0,call,2,10,2018-07-26 17:00:00
195,0.02,0.01,-0.02,REGULAR,MU180727C00070000,USD,1532649600,0.500005,False,0.02,1530903332,1090,-50.0,70.0,call,10,10,2018-07-26 17:00:00
196,0.08,0.04,0.0,REGULAR,MU180727C00071000,USD,1532649600,0.6425816992187501,False,0.1,1530040975,98,0.0,71.0,call,8,10,2018-07-26 17:00:00
197,0.06,0.03,0.0,REGULAR,MU180727C00072000,USD,1532649600,0.6445348046875,False,0.11,1530021233,48,0.0,72.0,call,1,10,2018-07-26 17:00:00
198,0.06,0.02,0.0,REGULAR,MU180727C00073000,USD,1532649600,0.6640658593750001,False,0.1,1529940774,15,0.0,73.0,call,10,10,2018-07-26 17:00:00
199,0.04,0.0,0.0,REGULAR,MU180727C00074000,USD,1532649600,0.6328161718749999,False,0.02,1530212051,36,0.0,74.0,call,15,10,2018-07-26 17:00:00
200,0.04,0.0,0.0,REGULAR,MU180727C00075000,USD,1532649600,0.6562534375000001,False,0.02,1530214953,97,0.0,75.0,call,1,10,2018-07-26 17:00:00
201,0.04,0.0,0.0,REGULAR,MU180727C00076000,USD,1532649600,0.6875031250000001,False,0.03,1530215736,5,0.0,76.0,call,3,10,2018-07-26 17:00:00
202,0.1,0.06,-0.19,REGULAR,MU180727C00077000,USD,1532649600,0.85937640625,False,0.09,1529690317,81,-67.85714,77.0,call,2,10,2018-07-26 17:00:00
203,0.11,0.05,0.0,REGULAR,MU180727C00078000,USD,1532649600,0.886719882812499,False,0.30000000000000004,1529505953,2,0.0,78.0,call,10,10,2018-07-26 17:00:00
204,0.13,0.03,0.0,REGULAR,MU180727C00079000,USD,1532649600,0.9140633593749999,False,0.28,1529726284,2,0.0,79.0,call,2,10,2018-07-26 17:00:00
205,0.01,0.0,0.0,REGULAR,MU180727C00080000,USD,1532649600,0.6875031250000001,False,0.01,1531491328,573,0.0,80.0,call,5,10,2018-07-26 17:00:00
206,0.03,0.0,0.0,REGULAR,MU180727C00081000,USD,1532649600,0.7812521875,False,0.02,1529942771,9,0.0,81.0,call,1,10,2018-07-26 17:00:00
207,0.08,0.0,0.0,REGULAR,MU180727C00082000,USD,1532649600,0.9062509375000001,False,0.18,1529726284,2,0.0,82.0,call,2,10,2018-07-26 17:00:00
208,0.09,0.0,0.0,REGULAR,MU180727C00083000,USD,1532649600,0.945313046875,False,0.17,1529726284,2,0.0,83.0,call,1,10,2018-07-26 17:00:00
209,0.03,0.0,0.0,REGULAR,MU180727C00084000,USD,1532649600,0.851563984375,False,0.02,1529934222,10,0.0,84.0,call,1,10,2018-07-26 17:00:00
210,0.02,0.0,0.0,REGULAR,MU180727C00085000,USD,1532649600,0.843751562499999,False,0.02,1530203119,559,0.0,85.0,call,500,10,2018-07-26 17:00:00
211,0.03,0.0,0.0,REGULAR,MU180727C00086000,USD,1532649600,0.890626093749999,False,0.01,1530215736,8,0.0,86.0,call,3,10,2018-07-26 17:00:00
212,0.03,0.0,0.0,REGULAR,MU180727C00087000,USD,1532649600,0.9140633593749999,False,0.02,1529726284,2,0.0,87.0,call,1,10,2018-07-26 17:00:00
213,0.03,0.0,0.0,REGULAR,MU180727C00088000,USD,1532649600,0.9375006250000001,False,0.01,1530200065,8,0.0,88.0,call,3,10,2018-07-26 17:00:00
214,0.13,0.06,0.0,REGULAR,MU180727C00089000,USD,1532649600,1.19922275390625,False,0.07,1528931614,0,0.0,89.0,call,1,10,2018-07-26 17:00:00
215,0.02,0.0,0.0,REGULAR,MU180727C00090000,USD,1532649600,0.9375006250000001,False,0.02,1530022193,79,0.0,90.0,call,21,10,2018-07-26 17:00:00
216,0.02,0.0,0.0,REGULAR,MU180727P00040000,USD,1532649600,0.73437765625,False,0.03,1531332707,217,0.0,40.0,put,11,10,2018-07-26 17:00:00
217,0.04,0.02,-0.020000001,REGULAR,MU180727P00045000,USD,1532649600,0.570316796875,False,0.03,1531496171,1416,-40.000004,45.0,put,91,10,2018-07-26 17:00:00
218,0.06,0.03,-0.02,REGULAR,MU180727P00046000,USD,1532649600,0.5546919531250001,False,0.05,1531505192,280,-28.571426,46.0,put,4,10,2018-07-26 17:00:00
219,0.06,0.04,0.0,REGULAR,MU180727P00046500,USD,1532649600,0.5371140039062501,False,0.06,1531540569,0,0.0,46.5,put,5,10,2018-07-26 17:00:00
220,0.04,0.03,-0.02,REGULAR,MU180727P00047000,USD,1532649600,0.49219257812500006,False,0.04,1531763452,139,-33.333336,47.0,put,13,10,2018-07-26 17:00:00
221,0.06,0.05,-0.02,REGULAR,MU180727P00048000,USD,1532649600,0.47461462890625,False,0.06,1531766876,400,-25.0,48.0,put,18,10,2018-07-26 17:00:00
222,0.07,0.06,-0.04,REGULAR,MU180727P00048500,USD,1532649600,0.46094289062500005,False,0.07,1531769300,10,-36.363636,48.5,put,20,10,2018-07-26 17:00:00
223,0.09,0.08,-0.029999994000000002,REGULAR,MU180727P00049000,USD,1532649600,0.45508357421875,False,0.09,1531756960,347,-24.999996,49.0,put,14,10,2018-07-26 17:00:00
224,0.17,0.15,-0.11999999,REGULAR,MU180727P00050000,USD,1532649600,0.46289599609375004,False,0.17,1531510450,1309,-41.37931,50.0,put,270,10,2018-07-26 17:00:00
225,0.21,0.19,-0.17,REGULAR,MU180727P00050500,USD,1532649600,0.45703667968750006,False,0.21,1531511713,545,-44.736843,50.5,put,143,10,2018-07-26 17:00:00
226,0.25,0.23,-0.16999999,REGULAR,MU180727P00051000,USD,1532649600,0.44727115234375,False,0.25,1531510442,354,-40.47619,51.0,put,59,10,2018-07-26 17:00:00
227,0.30000000000000004,0.28,-0.16999999,REGULAR,MU180727P00051500,USD,1532649600,0.43848217773437503,False,0.33,1531507233,395,-33.999996,51.5,put,292,10,2018-07-26 17:00:00
228,0.37,0.35000000000000003,-0.25,REGULAR,MU180727P00052000,USD,1532649600,0.4335994140625,False,0.36,1531510467,1169,-40.983604,52.0,put,189,10,2018-07-26 17:00:00
229,0.45,0.43,-0.28000003,REGULAR,MU180727P00052500,USD,1532649600,0.42774009765625004,False,0.44,1531511741,373,-38.888893,52.5,put,245,10,2018-07-26 17:00:00
230,0.54,0.52,-0.32000005,REGULAR,MU180727P00053000,USD,1532649600,0.42090422851562503,False,0.53,1531511760,600,-37.647064,53.0,put,166,10,2018-07-26 17:00:00
231,0.65,0.62,-0.34000003,REGULAR,MU180727P00053500,USD,1532649600,0.415533188476562,False,0.65,1531510302,703,-34.343437,53.5,put,45,10,2018-07-26 17:00:00
232,0.78,0.75,-0.41999996,REGULAR,MU180727P00054000,USD,1532649600,0.41065042480468705,False,0.76,1531511973,588,-35.593216,54.0,put,953,10,2018-07-26 17:00:00
233,0.92,0.89,-0.54,REGULAR,MU180727P00054500,USD,1532649600,0.40332627929687503,False,0.93,1531511214,289,-36.734695,54.5,put,87,10,2018-07-26 17:00:00
234,1.09,1.06,-0.46999989999999997,REGULAR,MU180727P00055000,USD,1532649600,0.397955239257812,False,1.09,1531511522,1397,-30.128202,55.0,put,486,10,2018-07-26 17:00:00
235,1.28,1.24,-0.63,REGULAR,MU180727P00055500,USD,1532649600,0.39209592285156203,False,1.29,1531511667,246,-32.8125,55.5,put,99,10,2018-07-26 17:00:00
236,1.5,1.46,-0.6099998999999999,REGULAR,MU180727P00056000,USD,1532649600,0.38818971191406204,False,1.46,1531510442,618,-29.468596,56.0,put,269,10,2018-07-26 17:00:00
237,1.73,1.7000000000000002,-0.72,REGULAR,MU180727P00056500,USD,1532649600,0.380377290039062,True,1.7000000000000002,1531510848,105,-29.752068,56.5,put,93,10,2018-07-26 17:00:00
238,2.0,1.96,-0.75,REGULAR,MU180727P00057000,USD,1532649600,0.375982802734375,True,2.0,1531511472,210,-27.272728,57.0,put,69,10,2018-07-26 17:00:00
239,2.2800000000000002,2.25,-1.74,REGULAR,MU180727P00057500,USD,1532649600,0.367682104492187,True,2.26,1531511973,427,-43.5,57.5,put,37,10,2018-07-26 17:00:00
240,2.6,2.56,-0.8700000999999999,REGULAR,MU180727P00058000,USD,1532649600,0.362799340820312,True,2.58,1531510401,240,-25.217396,58.0,put,80,10,2018-07-26 17:00:00
241,2.93,2.9,0.0,REGULAR,MU180727P00058500,USD,1532649600,0.35352208984374905,True,3.7,1531411136,48,0.0,58.5,put,4,10,2018-07-26 17:00:00
242,3.4,3.25,-0.6600001,REGULAR,MU180727P00059000,USD,1532649600,0.380377290039062,True,3.41,1531502618,126,-16.216217,59.0,put,7,10,2018-07-26 17:00:00
243,6.65,6.45,0.0,REGULAR,MU180727P00059500,USD,1532649600,1.122562980957031,True,7.24,1530816388,112,0.0,59.5,put,9,10,2018-07-26 17:00:00
244,4.15,4.0,-0.9499998,REGULAR,MU180727P00060000,USD,1532649600,0.35742830078125,True,4.15,1531509844,1863,-18.627447,60.0,put,94,10,2018-07-26 17:00:00
245,4.55,4.4,-3.6999998,REGULAR,MU180727P00060500,USD,1532649600,0.34180345703125,True,4.45,1531510401,11,-45.398773,60.5,put,14,10,2018-07-26 17:00:00
246,5.0,4.8,-0.8100004,REGULAR,MU180727P00061000,USD,1532649600,0.3398503515625,True,4.99,1531509922,350,-13.965525,61.0,put,160,10,2018-07-26 17:00:00
247,5.45,5.25,0.26999998000000003,REGULAR,MU180727P00061500,USD,1532649600,0.3320379296875,True,5.59,1531503974,5,5.0751877,61.5,put,16,10,2018-07-26 17:00:00
248,5.9,5.7,-1.8299999,REGULAR,MU180727P00062000,USD,1532649600,0.30860066406250003,True,6.08,1531504325,323,-23.135271,62.0,put,52,10,2018-07-26 17:00:00
249,9.5,9.2,0.0,REGULAR,MU180727P00062500,USD,1532649600,1.312503437499999,True,10.18,1530539651,165,0.0,62.5,put,3,10,2018-07-26 17:00:00
250,6.8,6.65,0.0,REGULAR,MU180727P00063000,USD,1532649600,1e-05,True,8.4,1531318627,14,0.0,63.0,put,10,10,2018-07-26 17:00:00
251,10.45,10.1,0.0,REGULAR,MU180727P00063500,USD,1532649600,1.364749270019531,True,9.5,1530624733,34,0.0,63.5,put,20,10,2018-07-26 17:00:00
252,7.5,7.4,1.9000001,REGULAR,MU180727P00064000,USD,1532649600,1e-05,True,8.0,1529076959,9,31.147543,64.0,put,10,10,2018-07-26 17:00:00
253,7.95,7.8,0.0,REGULAR,MU180727P00064500,USD,1532649600,1e-05,True,7.69,1529120734,0,0.0,64.5,put,20,10,2018-07-26 17:00:00
254,8.75,8.35,0.0,REGULAR,MU180727P00065000,USD,1532649600,1e-05,True,6.16,1529726305,1,0.0,65.0,put,1,10,2018-07-26 17:00:00
255,9.75,9.55,0.0,REGULAR,MU180727P00066000,USD,1532649600,1e-05,True,10.7,1531415207,3,0.0,66.0,put,3,10,2018-07-26 17:00:00
256,11.55,11.45,0.0,REGULAR,MU180727P00069000,USD,1532649600,1e-05,True,11.2,1529120735,11,0.0,69.0,put,10,10,2018-07-26 17:00:00
257,18.2,17.75,0.0,REGULAR,MU180727P00075000,USD,1532649600,1e-05,True,15.25,1529726305,10,0.0,75.0,put,20,10,2018-07-26 17:00:00
258,22.75,22.45,0.0,REGULAR,MU180727P00079000,USD,1532649600,1e-05,True,24.6,1531540571,0,0.0,79.0,put,1,10,2018-07-26 17:00:00
259,16.45,16.15,1.1100006,REGULAR,MU180803C00040000,USD,1533254400,0.851563984375,True,16.86,1531760330,100,7.0476227,40.0,call,10,17,2018-08-02 17:00:00
260,11.6,11.3,0.77999973,REGULAR,MU180803C00045000,USD,1533254400,0.698245205078125,True,11.4,1531493068,19,7.3446302,45.0,call,1,17,2018-08-02 17:00:00
261,7.85,7.45,0.0,REGULAR,MU180803C00046000,USD,1533254400,1e-05,True,6.35,1530935464,24,0.0,46.0,call,24,17,2018-08-02 17:00:00
262,9.65,9.45,0.0,REGULAR,MU180803C00047000,USD,1533254400,0.6376989355468751,True,8.55,1531420414,30,0.0,47.0,call,4,17,2018-08-02 17:00:00
263,8.7,8.5,0.0,REGULAR,MU180803C00048000,USD,1533254400,0.602054760742187,True,6.55,1531328237,21,0.0,48.0,call,2,17,2018-08-02 17:00:00
264,7.5,7.35,0.3000002,REGULAR,MU180803C00049000,USD,1533254400,0.5043994873046871,True,8.0,1531748468,16,3.8961065,49.0,call,1,17,2018-08-02 17:00:00
265,6.85,6.7,0.6500001,REGULAR,MU180803C00050000,USD,1533254400,0.5459029785156251,True,6.65,1531501632,184,10.833335,50.0,call,2,17,2018-08-02 17:00:00
266,4.25,4.15,0.0,REGULAR,MU180803C00050500,USD,1533254400,1e-05,True,4.1,1530935465,13,0.0,50.5,call,11,17,2018-08-02 17:00:00
267,5.95,5.75,1.4499998,REGULAR,MU180803C00051000,USD,1533254400,0.50586431640625,True,5.97,1531497244,19,32.079643,51.0,call,1,17,2018-08-02 17:00:00
268,5.55,5.4,0.0,REGULAR,MU180803C00051500,USD,1533254400,0.508793974609375,True,4.85,1531404625,40,0.0,51.5,call,1,17,2018-08-02 17:00:00
269,4.85,4.75,-0.11999988600000001,REGULAR,MU180803C00052000,USD,1533254400,0.441900112304687,True,4.75,1531770303,49,-2.4640634,52.0,call,32,17,2018-08-02 17:00:00
270,4.45,4.35,0.40000009999999997,REGULAR,MU180803C00052500,USD,1533254400,0.43506424316406206,True,4.9,1531757463,64,8.888891,52.5,call,4,17,2018-08-02 17:00:00
271,4.35,4.25,0.7199998,REGULAR,MU180803C00053000,USD,1533254400,0.49561051269531203,True,4.37,1531494117,294,19.72602,53.0,call,5,17,2018-08-02 17:00:00
272,3.7,3.6,0.19999981,REGULAR,MU180803C00053500,USD,1533254400,0.424322163085937,True,4.1,1531756390,293,5.1282,53.5,call,5,17,2018-08-02 17:00:00
273,3.6,3.5,0.5799999,REGULAR,MU180803C00054000,USD,1533254400,0.473149799804687,True,3.5,1531511400,478,19.86301,54.0,call,37,17,2018-08-02 17:00:00
274,2.98,2.93,0.25,REGULAR,MU180803C00054500,USD,1533254400,0.407232490234375,True,3.5,1531758489,374,7.692308,54.5,call,8,17,2018-08-02 17:00:00
275,2.94,2.89,0.39999986,REGULAR,MU180803C00055000,USD,1533254400,0.458745646972656,True,2.87,1531511172,1784,16.194326,55.0,call,183,17,2018-08-02 17:00:00
276,2.38,2.34,-0.16000009,REGULAR,MU180803C00055500,USD,1533254400,0.40137317382812504,True,2.34,1531770222,137,-6.4000034,55.5,call,22,17,2018-08-02 17:00:00
277,2.37,2.31,0.39,REGULAR,MU180803C00056000,USD,1533254400,0.44971253417968704,True,2.32,1531511089,1607,20.207253,56.0,call,436,17,2018-08-02 17:00:00
278,1.8399999999999999,1.81,-0.16999996,REGULAR,MU180803C00056500,USD,1533254400,0.39209592285156203,False,1.9,1531770113,517,-8.212559,56.5,call,134,17,2018-08-02 17:00:00
279,1.88,1.81,0.27999997,REGULAR,MU180803C00057000,USD,1533254400,0.44287666503906203,False,1.81,1531511906,615,18.300652,57.0,call,1292,17,2018-08-02 17:00:00
280,1.4100000000000001,1.38,-0.06999993,REGULAR,MU180803C00057500,USD,1533254400,0.38941040283203104,False,1.47,1531769823,262,-4.54545,57.5,call,64,17,2018-08-02 17:00:00
281,1.45,1.4100000000000001,0.24000001,REGULAR,MU180803C00058000,USD,1533254400,0.434331828613281,False,1.42,1531511940,762,20.338985,58.0,call,281,17,2018-08-02 17:00:00
282,1.05,1.02,-0.13,REGULAR,MU180803C00058500,USD,1533254400,0.385260053710937,False,1.04,1531770261,196,-11.111112,58.5,call,39,17,2018-08-02 17:00:00
283,1.11,1.05,0.13999993,REGULAR,MU180803C00059000,USD,1533254400,0.43018147949218705,False,1.05,1531511715,561,15.384607,59.0,call,224,17,2018-08-02 17:00:00
284,0.77,0.74,0.050000012,REGULAR,MU180803C00059500,USD,1533254400,0.38379522460937504,False,0.98,1531760877,266,5.376345,59.5,call,71,17,2018-08-02 17:00:00
285,0.8300000000000001,0.79,0.09999996400000001,REGULAR,MU180803C00060000,USD,1533254400,0.42578699218750005,False,0.78,1531511294,2030,14.705877,60.0,call,333,17,2018-08-02 17:00:00
286,0.56,0.52,-0.13999999,REGULAR,MU180803C00060500,USD,1533254400,0.38428350097656205,False,0.5700000000000001,1531769041,796,-19.71831,60.5,call,312,17,2018-08-02 17:00:00
287,0.61,0.5700000000000001,0.08000001,REGULAR,MU180803C00061000,USD,1533254400,0.42285733398437503,False,0.56,1531503696,1856,16.66667,61.0,call,88,17,2018-08-02 17:00:00
288,0.39,0.37,-0.08000001,REGULAR,MU180803C00061500,USD,1533254400,0.38135384277343704,False,0.42,1531767475,35,-16.000002,61.5,call,46,17,2018-08-02 17:00:00
289,0.43,0.41000000000000003,0.060000002000000004,REGULAR,MU180803C00062000,USD,1533254400,0.41650974121093703,False,0.41000000000000003,1531504945,384,17.142859,62.0,call,75,17,2018-08-02 17:00:00
290,0.28,0.26,0.01999998,REGULAR,MU180803C00062500,USD,1533254400,0.384771777343749,False,0.42,1531752453,41,4.999995,62.5,call,1,17,2018-08-02 17:00:00
291,0.32,0.30000000000000004,0.07000002,REGULAR,MU180803C00063000,USD,1533254400,0.420415952148437,False,0.33,1531497564,138,26.923088,63.0,call,26,17,2018-08-02 17:00:00
292,0.23,0.21,0.049999997000000004,REGULAR,MU180803C00064000,USD,1533254400,0.42139250488281205,False,0.22,1531506936,87,29.411762,64.0,call,26,17,2018-08-02 17:00:00
293,0.14,0.11,-0.029999986000000003,REGULAR,MU180803C00064500,USD,1533254400,0.391607646484374,False,0.18,1531753409,1,-14.285707,64.5,call,1,17,2018-08-02 17:00:00
294,0.17,0.15,0.010000005000000001,REGULAR,MU180803C00065000,USD,1533254400,0.42578699218750005,False,0.14,1531511940,946,7.6923122,65.0,call,61,17,2018-08-02 17:00:00
295,0.13,0.1,0.040000007000000004,REGULAR,MU180803C00066000,USD,1533254400,0.4335994140625,False,0.15,1531492620,72,36.363644,66.0,call,1,17,2018-08-02 17:00:00
296,0.06,0.03,-0.010000002000000001,REGULAR,MU180803C00070000,USD,1533254400,0.48438015624999997,False,0.04,1531511139,118,-20.000004,70.0,call,1,17,2018-08-02 17:00:00
297,0.03,0.0,0.0,REGULAR,MU180803C00075000,USD,1533254400,0.507817421875,False,0.02,1531326145,168,0.0,75.0,call,51,17,2018-08-02 17:00:00
298,0.01,0.0,0.0,REGULAR,MU180803C00080000,USD,1533254400,0.5312546875,False,0.01,1530804677,81,0.0,80.0,call,22,17,2018-08-02 17:00:00
299,0.03,0.01,0.0,REGULAR,MU180803C00085000,USD,1533254400,0.7187528125,False,0.02,1530125499,5,0.0,85.0,call,1,17,2018-08-02 17:00:00
300,0.08,0.04,-0.030000005000000003,REGULAR,MU180803P00045000,USD,1533254400,0.5039112109375,False,0.06,1531496935,336,-33.333336,45.0,put,11,17,2018-08-02 17:00:00
301,0.08,0.05,0.009999998000000001,REGULAR,MU180803P00046000,USD,1533254400,0.48438015624999997,False,0.1,1531747802,62,11.111108,46.0,put,15,17,2018-08-02 17:00:00
302,0.13,0.1,0.0,REGULAR,MU180803P00047000,USD,1533254400,0.48535670898437505,False,0.22,1531410134,147,0.0,47.0,put,16,17,2018-08-02 17:00:00
303,0.15,0.11,-0.060000002000000004,REGULAR,MU180803P00048000,USD,1533254400,0.45215391601562505,False,0.13,1531767696,277,-31.578949,48.0,put,12,17,2018-08-02 17:00:00
304,0.21,0.19,-0.07999998,REGULAR,MU180803P00049000,USD,1533254400,0.43945873046875,False,0.18,1531753409,170,-30.769226,49.0,put,4,17,2018-08-02 17:00:00
305,0.34,0.30000000000000004,-0.16,REGULAR,MU180803P00050000,USD,1533254400,0.445318046875,False,0.35000000000000003,1531509816,1075,-31.372551,50.0,put,43,17,2018-08-02 17:00:00
306,0.4,0.36,0.0,REGULAR,MU180803P00050500,USD,1533254400,0.44043528320312403,False,0.91,1531321497,238,0.0,50.5,put,236,17,2018-08-02 17:00:00
307,0.42,0.38,-0.15,REGULAR,MU180803P00051000,USD,1533254400,0.41895112304687504,False,0.35000000000000003,1531752650,449,-30.000002,51.0,put,4,17,2018-08-02 17:00:00
308,0.49,0.45,-0.120000005,REGULAR,MU180803P00051500,USD,1533254400,0.41211525390625,False,0.44,1531756143,157,-21.428572,51.5,put,4,17,2018-08-02 17:00:00
309,0.59,0.56,-0.09999996400000001,REGULAR,MU180803P00052000,USD,1533254400,0.411138701171875,False,0.55,1531769339,1284,-15.38461,52.0,put,102,17,2018-08-02 17:00:00
310,0.7000000000000001,0.67,-0.13999999,REGULAR,MU180803P00052500,USD,1533254400,0.409185595703124,False,0.61,1531762323,1291,-18.666666,52.5,put,21,17,2018-08-02 17:00:00
311,0.86,0.8200000000000001,-0.40000004,REGULAR,MU180803P00053000,USD,1533254400,0.415533188476562,False,0.84,1531510347,285,-32.258068,53.0,put,61,17,2018-08-02 17:00:00
312,0.9500000000000001,0.91,-0.24999994,REGULAR,MU180803P00053500,USD,1533254400,0.40137317382812504,False,0.79,1531760412,120,-24.038456,53.5,put,19,17,2018-08-02 17:00:00
313,1.16,1.1,-0.39999998000000003,REGULAR,MU180803P00054000,USD,1533254400,0.411138701171875,False,1.13,1531510990,452,-26.14379,54.0,put,183,17,2018-08-02 17:00:00
314,1.26,1.22,-0.11999988600000001,REGULAR,MU180803P00054500,USD,1533254400,0.39258419921875,False,1.19,1531766577,110,-9.160297,54.5,put,23,17,2018-08-02 17:00:00
315,1.5,1.45,-0.46000004,REGULAR,MU180803P00055000,USD,1533254400,0.40015248291015604,False,1.49,1531511098,1304,-23.589745,55.0,put,59,17,2018-08-02 17:00:00
316,1.65,1.62,-0.14999998,REGULAR,MU180803P00055500,USD,1533254400,0.38550419189453106,False,1.58,1531768444,38,-8.670519,55.5,put,43,17,2018-08-02 17:00:00
317,1.9100000000000001,1.8599999999999999,-0.56000006,REGULAR,MU180803P00056000,USD,1533254400,0.38892212646484303,False,1.9,1531511961,170,-22.764229,56.0,put,74,17,2018-08-02 17:00:00
318,2.15,2.11,-0.1400001,REGULAR,MU180803P00056500,USD,1533254400,0.38428350097656205,True,2.09,1531770180,21,-6.2780313,56.5,put,69,17,2018-08-02 17:00:00
319,2.41,2.36,-0.54999995,REGULAR,MU180803P00057000,USD,1533254400,0.37988901367187505,True,2.47,1531492834,313,-18.21192,57.0,put,40,17,2018-08-02 17:00:00
320,2.69,2.65,-0.20000005,REGULAR,MU180803P00057500,USD,1533254400,0.37549452636718705,True,2.56,1531769559,21,-7.246379,57.5,put,95,17,2018-08-02 17:00:00
321,2.99,2.94,-0.6099998999999999,REGULAR,MU180803P00058000,USD,1533254400,0.37061176269531204,True,3.15,1531502134,479,-16.2234,58.0,put,1,17,2018-08-02 17:00:00
322,3.35,3.25,-0.73,REGULAR,MU180803P00058500,USD,1533254400,0.374762111816406,True,2.98,1531748961,12,-19.67655,58.5,put,13,17,2018-08-02 17:00:00
323,3.7,3.6,-0.8399998999999999,REGULAR,MU180803P00059000,USD,1533254400,0.37305314453125,True,3.61,1531498546,142,-18.876404,59.0,put,11,17,2018-08-02 17:00:00
324,4.1,4.0,-0.5,REGULAR,MU180803P00059500,USD,1533254400,0.37891246093750003,True,3.65,1531748403,7,-12.048192,59.5,put,4,17,2018-08-02 17:00:00
325,4.45,4.3,-1.7200003,REGULAR,MU180803P00060000,USD,1533254400,0.36914693359375,True,4.45,1531501483,119,-27.876827,60.0,put,81,17,2018-08-02 17:00:00
326,4.9,4.8,-4.0999994,REGULAR,MU180803P00060500,USD,1533254400,0.38135384277343704,True,4.3,1531748690,50,-48.80952,60.5,put,18,17,2018-08-02 17:00:00
327,5.3,5.1,0.0,REGULAR,MU180803P00061000,USD,1533254400,0.37744763183593705,True,6.0,1531424813,79,0.0,61.0,put,1,17,2018-08-02 17:00:00
328,5.75,5.6,-0.19000006,REGULAR,MU180803P00061500,USD,1533254400,0.384771777343749,True,5.36,1531766041,78,-3.4234245,61.5,put,1,17,2018-08-02 17:00:00
329,6.1,5.95,-1.8600001,REGULAR,MU180803P00062000,USD,1533254400,0.35303381347656204,True,6.06,1531500758,72,-23.48485,62.0,put,1,17,2018-08-02 17:00:00
330,9.6,9.3,0.0,REGULAR,MU180803P00062500,USD,1533254400,1.063481245117187,True,9.3,1530935485,0,0.0,62.5,put,2,17,2018-08-02 17:00:00
331,7.1,6.95,-3.7899995,REGULAR,MU180803P00063000,USD,1533254400,0.39258419921875,True,6.4,1531750488,6,-37.19332,63.0,put,2,17,2018-08-02 17:00:00
332,7.9,7.7,-1.4199996,REGULAR,MU180803P00064000,USD,1533254400,0.30664755859375,True,7.94,1531509763,7,-15.170937,64.0,put,1,17,2018-08-02 17:00:00
333,8.9,8.65,0.0,REGULAR,MU180803P00065000,USD,1533254400,0.335944140625,True,9.45,1531234655,18,0.0,65.0,put,10,17,2018-08-02 17:00:00
334,9.85,9.6,0.0,REGULAR,MU180803P00066000,USD,1533254400,0.12500875,True,11.75,1531540573,24,0.0,66.0,put,24,17,2018-08-02 17:00:00
335,16.6,16.3,0.0,REGULAR,MU180810C00040000,USD,1533859200,0.838868798828124,True,15.85,1531250503,102,0.0,40.0,call,1,24,2018-08-09 17:00:00
336,11.75,11.4,0.0,REGULAR,MU180810C00045000,USD,1533859200,0.653323779296875,True,9.6,1531317099,33,0.0,45.0,call,2,24,2018-08-09 17:00:00
337,10.55,10.3,1.4200001,REGULAR,MU180810C00046000,USD,1533859200,0.538090556640625,True,11.0,1531748284,15,14.822549,46.0,call,1,24,2018-08-09 17:00:00
338,9.75,9.55,0.0,REGULAR,MU180810C00047000,USD,1533859200,0.5820354296875,True,8.7,1531419078,4,0.0,47.0,call,1,24,2018-08-09 17:00:00
339,8.85,8.6,0.0,REGULAR,MU180810C00048000,USD,1533859200,0.5561567822265621,True,6.8,1531339187,66,0.0,48.0,call,15,24,2018-08-09 17:00:00
340,7.95,7.65,0.0,REGULAR,MU180810C00049000,USD,1533859200,0.526371923828125,True,6.95,1531417454,21,0.0,49.0,call,20,24,2018-08-09 17:00:00
341,6.75,6.65,0.28999996,REGULAR,MU180810C00050000,USD,1533859200,0.459966337890625,True,6.75,1531767759,17,4.4891634,50.0,call,60,24,2018-08-09 17:00:00
342,6.35,6.2,2.17,REGULAR,MU180810C00050500,USD,1533859200,0.459966337890625,True,6.37,1531768003,1,51.66667,50.5,call,2,24,2018-08-09 17:00:00
343,5.9,5.8,0.3499999,REGULAR,MU180810C00051000,USD,1533859200,0.44482977050781203,True,5.95,1531770113,33,6.2499986,51.0,call,7,24,2018-08-09 17:00:00
344,3.9,3.75,0.0,REGULAR,MU180810C00051500,USD,1533859200,1e-05,True,3.7800000000000002,1530935467,0,0.0,51.5,call,2,24,2018-08-09 17:00:00
345,5.1,5.05,0.46000004,REGULAR,MU180810C00052000,USD,1533859200,0.4335994140625,True,5.73,1531758559,45,8.728653,52.0,call,5,24,2018-08-09 17:00:00
346,4.75,4.65,-0.05000019,REGULAR,MU180810C00052500,USD,1533859200,0.43506424316406206,True,4.95,1531765758,34,-1.0000038,52.5,call,7,24,2018-08-09 17:00:00
347,4.45,4.35,-0.19000006,REGULAR,MU180810C00053000,USD,1533859200,0.44336494140625,True,4.46,1531767455,245,-4.086023,53.0,call,17,24,2018-08-09 17:00:00
348,4.05,3.95,-0.099999905,REGULAR,MU180810C00053500,USD,1533859200,0.42944906494140606,True,4.1,1531767467,165,-2.3809502,53.5,call,15,24,2018-08-09 17:00:00
349,3.7,3.6,0.0,REGULAR,MU180810C00054000,USD,1533859200,0.42285733398437503,True,3.85,1531767250,301,0.0,54.0,call,13,24,2018-08-09 17:00:00
350,3.6,3.5,0.39999986,REGULAR,MU180810C00054500,USD,1533859200,0.45776909423828105,True,3.6,1531500254,273,12.499995,54.5,call,3,24,2018-08-09 17:00:00
351,3.05,3.0,-0.1400001,REGULAR,MU180810C00055000,USD,1533859200,0.411138701171875,True,3.01,1531770313,509,-4.4444475,55.0,call,24,24,2018-08-09 17:00:00
352,2.77,2.74,-0.049999952,REGULAR,MU180810C00055500,USD,1533859200,0.409185595703124,True,2.95,1531766371,184,-1.6666651,55.5,call,9,24,2018-08-09 17:00:00
353,2.5,2.47,-0.21000004,REGULAR,MU180810C00056000,USD,1533859200,0.4062559375,True,2.5,1531770207,205,-7.7490783,56.0,call,54,24,2018-08-09 17:00:00
354,2.26,2.25,-0.19000006,REGULAR,MU180810C00056500,USD,1533859200,0.405523522949218,False,2.27,1531770192,231,-7.7235794,56.5,call,41,24,2018-08-09 17:00:00
355,2.02,1.99,-0.10000014,REGULAR,MU180810C00057000,USD,1533859200,0.40210558837890603,False,2.09,1531767596,217,-4.5662165,57.0,call,133,24,2018-08-09 17:00:00
356,1.81,1.77,-0.08000004000000001,REGULAR,MU180810C00057500,USD,1533859200,0.40088489746093703,False,1.88,1531768396,60,-4.081635,57.5,call,43,24,2018-08-09 17:00:00
357,1.6099999999999999,1.58,-0.1500001,REGULAR,MU180810C00058000,USD,1533859200,0.39893179199218703,False,1.6800000000000002,1531766892,107,-8.196727,58.0,call,70,24,2018-08-09 17:00:00
358,1.43,1.4,-0.100000024,REGULAR,MU180810C00058500,USD,1533859200,0.39771110107421803,False,1.47,1531767696,31,-6.369428,58.5,call,17,24,2018-08-09 17:00:00
359,1.26,1.23,0.029999971,REGULAR,MU180810C00059000,USD,1533859200,0.395513857421875,False,1.43,1531764283,187,2.1428552,59.0,call,78,24,2018-08-09 17:00:00
360,1.11,1.08,0.0,REGULAR,MU180810C00059500,USD,1533859200,0.39429316650390606,False,1.23,1531766307,75,0.0,59.5,call,16,24,2018-08-09 17:00:00
361,0.99,0.97,-0.120000005,REGULAR,MU180810C00060000,USD,1533859200,0.39624627197265605,False,1.0,1531767845,804,-10.714286,60.0,call,1044,24,2018-08-09 17:00:00
362,0.87,0.8300000000000001,-0.050000012,REGULAR,MU180810C00060500,USD,1533859200,0.396002133789062,False,0.96,1531753830,89,-4.950496,60.5,call,32,24,2018-08-09 17:00:00
363,0.76,0.73,-0.07999998,REGULAR,MU180810C00061000,USD,1533859200,0.39502558105468705,False,0.75,1531770199,150,-9.638553,61.0,call,31,24,2018-08-09 17:00:00
364,0.65,0.63,-0.09000003000000001,REGULAR,MU180810C00061500,USD,1533859200,0.391607646484374,False,0.71,1531766239,107,-11.250004,61.5,call,33,24,2018-08-09 17:00:00
365,0.58,0.55,0.00999999,REGULAR,MU180810C00062000,USD,1533859200,0.39502558105468705,False,0.7000000000000001,1531757780,172,1.449274,62.0,call,15,24,2018-08-09 17:00:00
366,0.5,0.47000000000000003,0.049999952,REGULAR,MU180810C00062500,USD,1533859200,0.394049028320312,False,0.65,1531750072,31,8.333325,62.5,call,2,24,2018-08-09 17:00:00
367,0.44,0.41000000000000003,-0.100000024,REGULAR,MU180810C00063000,USD,1533859200,0.396002133789062,False,0.45,1531769203,83,-18.181822,63.0,call,52,24,2018-08-09 17:00:00
368,0.33,0.30000000000000004,-0.030000001000000002,REGULAR,MU180810C00064000,USD,1533859200,0.39649041015625003,False,0.37,1531766340,85,-7.5000005,64.0,call,5,24,2018-08-09 17:00:00
369,0.29,0.26,-0.020000010000000002,REGULAR,MU180810C00064500,USD,1533859200,0.39893179199218703,False,0.35000000000000003,1531757214,2,-5.4054079999999995,64.5,call,4,24,2018-08-09 17:00:00
370,0.26,0.22,-0.030000001000000002,REGULAR,MU180810C00065000,USD,1533859200,0.40332627929687503,False,0.27,1531767249,223,-10.0,65.0,call,17,24,2018-08-09 17:00:00
371,0.1,0.07,0.0,REGULAR,MU180810C00070000,USD,1533859200,0.45117736328125,False,0.08,1531493471,117,0.0,70.0,call,10,24,2018-08-09 17:00:00
372,0.04,0.0,0.0,REGULAR,MU180810C00075000,USD,1533859200,0.49023947265625006,False,0.02,1531540557,10,0.0,75.0,call,10,24,2018-08-09 17:00:00
373,0.06,0.0,0.0,REGULAR,MU180810P00040000,USD,1533859200,0.5625043750000001,False,0.04,1531408543,108,0.0,40.0,put,20,24,2018-08-09 17:00:00
374,0.1,0.07,-0.029999994000000002,REGULAR,MU180810P00045000,USD,1533859200,0.47168497070312504,False,0.09,1531766434,143,-24.999996,45.0,put,1,24,2018-08-09 17:00:00
375,0.17,0.12,-0.060000002000000004,REGULAR,MU180810P00046000,USD,1533859200,0.48145049804687506,False,0.16,1531504167,485,-27.272728,46.0,put,20,24,2018-08-09 17:00:00
376,0.19,0.15,-0.06999999,REGULAR,MU180810P00047000,USD,1533859200,0.45117736328125,False,0.18,1531767696,61,-27.999996,47.0,put,10,24,2018-08-09 17:00:00
377,0.26,0.23,-0.050000012,REGULAR,MU180810P00048000,USD,1533859200,0.4414118359375,False,0.25,1531768421,312,-16.66667,48.0,put,53,24,2018-08-09 17:00:00
378,0.39,0.35000000000000003,-0.12999997,REGULAR,MU180810P00049000,USD,1533859200,0.445318046875,False,0.4,1531507054,172,-24.528296,49.0,put,21,24,2018-08-09 17:00:00
379,0.47000000000000003,0.45,-0.06999999,REGULAR,MU180810P00050000,USD,1533859200,0.422369057617187,False,0.45,1531769241,1019,-13.461537,50.0,put,35,24,2018-08-09 17:00:00
380,0.54,0.52,-0.07999998,REGULAR,MU180810P00050500,USD,1533859200,0.41699801757812405,False,0.54,1531767695,16,-12.903222,50.5,put,22,24,2018-08-09 17:00:00
381,0.64,0.61,-0.10999995500000001,REGULAR,MU180810P00051000,USD,1533859200,0.41748629394531206,False,0.54,1531750629,1159,-16.923068999999998,51.0,put,22,24,2018-08-09 17:00:00
382,0.74,0.71,-0.029999971,REGULAR,MU180810P00051500,USD,1533859200,0.41504491210937505,False,0.72,1531767696,182,-3.9999962,51.5,put,21,24,2018-08-09 17:00:00
383,0.85,0.8200000000000001,-0.11000001400000001,REGULAR,MU180810P00052000,USD,1533859200,0.41187111572265606,False,0.81,1531768334,121,-11.956523,52.0,put,62,24,2018-08-09 17:00:00
384,0.98,0.9400000000000001,-0.060000002000000004,REGULAR,MU180810P00052500,USD,1533859200,0.4101621484375,False,0.92,1531766534,1592,-6.122449,52.5,put,13,24,2018-08-09 17:00:00
385,1.11,1.08,-0.03999996,REGULAR,MU180810P00053000,USD,1533859200,0.4062559375,False,1.09,1531767948,414,-3.5398197,53.0,put,70,24,2018-08-09 17:00:00
386,1.27,1.23,-0.20999992,REGULAR,MU180810P00053500,USD,1533859200,0.404791108398437,False,1.22,1531770193,29,-14.685308,53.5,put,35,24,2018-08-09 17:00:00
387,1.42,1.38,-0.19000006,REGULAR,MU180810P00054000,USD,1533859200,0.399175930175781,False,1.27,1531762250,391,-13.013702,54.0,put,95,24,2018-08-09 17:00:00
388,1.6,1.57,-0.23000002,REGULAR,MU180810P00054500,USD,1533859200,0.39624627197265605,False,1.52,1531766534,48,-13.142858499999999,54.5,put,35,24,2018-08-09 17:00:00
389,1.8,1.76,-0.11999988600000001,REGULAR,MU180810P00055000,USD,1533859200,0.394049028320312,False,1.69,1531753947,156,-6.6298285,55.0,put,85,24,2018-08-09 17:00:00
390,2.01,1.98,-0.029999971,REGULAR,MU180810P00055500,USD,1533859200,0.39063109375,False,2.0,1531767768,37,-1.4778311,55.5,put,12,24,2018-08-09 17:00:00
391,2.26,2.22,-0.07999992,REGULAR,MU180810P00056000,USD,1533859200,0.391119370117187,False,2.2,1531770121,120,-3.5087686,56.0,put,5,24,2018-08-09 17:00:00
392,2.5,2.47,-0.33999989999999997,REGULAR,MU180810P00056500,USD,1533859200,0.387213159179687,True,2.22,1531759783,32,-13.281247,56.5,put,23,24,2018-08-09 17:00:00
393,2.77,2.73,-0.36000013000000003,REGULAR,MU180810P00057000,USD,1533859200,0.385260053710937,True,2.54,1531755194,68,-12.413797,57.0,put,23,24,2018-08-09 17:00:00
394,3.05,3.0,-0.21000004,REGULAR,MU180810P00057500,USD,1533859200,0.382330395507812,True,2.94,1531767421,37,-6.666668,57.5,put,81,24,2018-08-09 17:00:00
395,3.4,3.3,-1.7800002,REGULAR,MU180810P00058000,USD,1533859200,0.38867798828125,True,3.1,1531755194,32,-36.475414,58.0,put,6,24,2018-08-09 17:00:00
396,6.25,6.1,0.0,REGULAR,MU180810P00058500,USD,1533859200,0.806154282226562,True,7.3,1530935487,1,0.0,58.5,put,1,24,2018-08-09 17:00:00
397,6.75,6.45,0.0,REGULAR,MU180810P00059000,USD,1533859200,0.825197060546874,True,6.68,1530935487,2,0.0,59.0,put,1,24,2018-08-09 17:00:00
398,4.75,4.6,0.0,REGULAR,MU180810P00060000,USD,1533859200,0.378424184570312,True,5.48,1531421475,88,0.0,60.0,put,4,24,2018-08-09 17:00:00
399,8.5,8.05,2.3900003,REGULAR,MU180810P00061000,USD,1533859200,0.886719882812499,True,9.89,1530935487,2,31.866673,61.0,put,2,24,2018-08-09 17:00:00
400,6.0,5.75,0.0,REGULAR,MU180810P00061500,USD,1533859200,0.391607646484374,True,7.15,1531319452,19,0.0,61.5,put,11,24,2018-08-09 17:00:00
401,6.35,6.3,-0.5500001999999999,REGULAR,MU180810P00062000,USD,1533859200,0.37500625,True,6.25,1531770113,6,-8.088238,62.0,put,7,24,2018-08-09 17:00:00
402,6.75,6.6,0.0,REGULAR,MU180810P00062500,USD,1533859200,0.36621727539062504,True,7.24,1531540575,1,0.0,62.5,put,1,24,2018-08-09 17:00:00
403,10.25,9.85,0.0,REGULAR,MU180810P00063000,USD,1533859200,0.9519047778320311,True,10.13,1530935487,0,0.0,63.0,put,4,24,2018-08-09 17:00:00
404,8.05,7.8,0.0,REGULAR,MU180810P00064000,USD,1533859200,0.34815104980468703,True,8.06,1531540575,0,0.0,64.0,put,1,24,2018-08-09 17:00:00
405,9.0,8.75,0.0,REGULAR,MU180810P00065000,USD,1533859200,0.354498642578124,True,10.85,1531540575,5,0.0,65.0,put,5,24,2018-08-09 17:00:00
406,13.85,13.5,0.0,REGULAR,MU180810P00070000,USD,1533859200,0.2500075,True,16.05,1531143063,0,0.0,70.0,put,2,24,2018-08-09 17:00:00
407,16.6,16.4,0.8999996,REGULAR,MU180817C00040000,USD,1534464000,0.77148666015625,True,16.5,1531510264,1395,5.769228,40.0,call,4,31,2018-08-16 17:00:00
408,11.8,11.55,0.75,REGULAR,MU180817C00045000,USD,1534464000,0.6152382226562501,True,11.6,1531510238,1903,6.912442,45.0,call,547,31,2018-08-16 17:00:00
409,7.25,7.15,0.7000003,REGULAR,MU180817C00050000,USD,1534464000,0.509282250976562,True,7.15,1531511785,5377,10.852717,50.0,call,503,31,2018-08-16 17:00:00
410,5.3,5.2,0.6199998999999999,REGULAR,MU180817C00052500,USD,1534464000,0.48291532714843705,True,5.25,1531511999,5360,13.390925,52.5,call,386,31,2018-08-16 17:00:00
411,3.65,3.6,0.43999982,REGULAR,MU180817C00055000,USD,1534464000,0.45654840332031205,True,3.6,1531511998,22764,13.924045,55.0,call,2475,31,2018-08-16 17:00:00
412,2.37,2.33,0.31999993,REGULAR,MU180817C00057500,USD,1534464000,0.439947006835937,False,2.35,1531511993,9391,15.763543,57.5,call,10499,31,2018-08-16 17:00:00
413,1.45,1.42,0.20000005,REGULAR,MU180817C00060000,USD,1534464000,0.42944906494140606,False,1.44,1531511846,25376,16.129036,60.0,call,25683,31,2018-08-16 17:00:00
414,0.86,0.84,0.13,REGULAR,MU180817C00062500,USD,1534464000,0.42725182128906203,False,0.85,1531511839,14986,18.055553,62.5,call,958,31,2018-08-16 17:00:00
415,0.49,0.48,0.07000002,REGULAR,MU180817C00065000,USD,1534464000,0.426763544921875,False,0.49,1531511907,35330,16.666674,65.0,call,1536,31,2018-08-16 17:00:00
416,0.29,0.27,0.060000002000000004,REGULAR,MU180817C00067500,USD,1534464000,0.43506424316406206,False,0.28,1531508736,5968,27.272728,67.5,call,117,31,2018-08-16 17:00:00
417,0.17,0.16,0.030000001000000002,REGULAR,MU180817C00070000,USD,1534464000,0.44336494140625,False,0.16,1531510638,28942,23.076925,70.0,call,2057,31,2018-08-16 17:00:00
418,0.06,0.05,0.009999998000000001,REGULAR,MU180817C00075000,USD,1534464000,0.46094289062500005,False,0.06,1531502977,4487,19.999996,75.0,call,80,31,2018-08-16 17:00:00
419,0.03,0.02,0.0,REGULAR,MU180817C00080000,USD,1534464000,0.49609878906250005,False,0.02,1531500171,4862,0.0,80.0,call,5,31,2018-08-16 17:00:00
420,0.02,0.01,0.01,REGULAR,MU180817C00085000,USD,1534464000,0.523442265625,False,0.02,1531491384,1631,100.0,85.0,call,100,31,2018-08-16 17:00:00
421,0.02,0.01,0.01,REGULAR,MU180817C00090000,USD,1534464000,0.585941640625,False,0.02,1531508579,3268,100.0,90.0,call,110,31,2018-08-16 17:00:00
422,0.05,0.04,-0.009999998000000001,REGULAR,MU180817P00040000,USD,1534464000,0.5312546875,False,0.05,1531511575,1572,-16.666664,40.0,put,172,31,2018-08-16 17:00:00
423,0.18,0.17,-0.03999999,REGULAR,MU180817P00045000,USD,1534464000,0.47070841796875,False,0.18,1531510487,7666,-18.181814,45.0,put,231,31,2018-08-16 17:00:00
424,0.68,0.67,-0.18,REGULAR,MU180817P00050000,USD,1534464000,0.427495959472656,False,0.68,1531511963,16953,-20.930233,50.0,put,1052,31,2018-08-16 17:00:00
425,1.24,1.21,-0.30999994000000003,REGULAR,MU180817P00052500,USD,1534464000,0.411626977539062,False,1.23,1531511935,19689,-20.129868,52.5,put,998,31,2018-08-16 17:00:00
426,2.11,2.08,-0.44000006,REGULAR,MU180817P00055000,USD,1534464000,0.39697868652343704,False,2.11,1531511853,21934,-17.254904,55.0,put,1160,31,2018-08-16 17:00:00
427,3.4,3.3,-0.60000014,REGULAR,MU180817P00057500,USD,1534464000,0.39209592285156203,True,3.35,1531511950,11744,-15.1898775,57.5,put,8662,31,2018-08-16 17:00:00
428,5.0,4.9,-0.75,REGULAR,MU180817P00060000,USD,1534464000,0.37940073730468704,True,4.95,1531511056,9625,-13.157895,60.0,put,21572,31,2018-08-16 17:00:00
429,6.95,6.8,-0.55999994,REGULAR,MU180817P00062500,USD,1534464000,0.37256486816406204,True,7.09,1531507111,1838,-7.32026,62.5,put,10,31,2018-08-16 17:00:00
430,9.1,8.95,-0.8499994,REGULAR,MU180817P00065000,USD,1534464000,0.354498642578124,True,9.1,1531501227,704,-8.542708,65.0,put,16,31,2018-08-16 17:00:00
431,14.45,14.25,0.0,REGULAR,MU180817P00067500,USD,1534464000,0.993164130859375,True,15.19,1530814507,2044,0.0,67.5,put,11,31,2018-08-16 17:00:00
432,13.85,13.6,0.0,REGULAR,MU180817P00070000,USD,1534464000,0.12500875,True,15.4,1531402397,1889,0.0,70.0,put,5,31,2018-08-16 17:00:00
433,21.85,21.7,0.0,REGULAR,MU180817P00075000,USD,1534464000,1.2265663671875,True,22.25,1530820348,238,0.0,75.0,put,2,31,2018-08-16 17:00:00
434,23.8,23.55,0.0,REGULAR,MU180817P00080000,USD,1534464000,1e-05,True,24.25,1531249843,82,0.0,80.0,put,1,31,2018-08-16 17:00:00
435,28.8,28.55,0.0,REGULAR,MU180817P00085000,USD,1534464000,1e-05,True,30.9,1531331572,1,0.0,85.0,put,1,31,2018-08-16 17:00:00
436,36.9,36.65,0.0,REGULAR,MU180817P00090000,USD,1534464000,1.604494165039062,True,38.15,1530636299,0,0.0,90.0,put,15,31,2018-08-16 17:00:00
437,16.7,16.4,0.0,REGULAR,MU180824C00040000,USD,1535068800,0.723635576171874,True,15.65,1531540558,6,0.0,40.0,call,6,38,2018-08-23 17:00:00
438,11.85,11.55,0.0,REGULAR,MU180824C00045000,USD,1535068800,0.5664105859375,True,9.7,1531540558,40,0.0,45.0,call,40,38,2018-08-23 17:00:00
439,10.95,10.7,0.0,REGULAR,MU180824C00046000,USD,1535068800,0.5595747167968751,True,9.6,1531402922,16,0.0,46.0,call,5,38,2018-08-23 17:00:00
440,10.05,9.8,0.0,REGULAR,MU180824C00047000,USD,1535068800,0.5410202148437501,True,8.95,1531413426,133,0.0,47.0,call,20,38,2018-08-23 17:00:00
441,9.1,8.95,0.0,REGULAR,MU180824C00048000,USD,1535068800,0.5195360546875,True,8.06,1531407658,112,0.0,48.0,call,38,38,2018-08-23 17:00:00
442,7.95,7.85,0.5,REGULAR,MU180824C00049000,USD,1535068800,0.458013232421875,True,8.5,1531758212,311,6.25,49.0,call,2,38,2018-08-23 17:00:00
443,7.15,7.05,0.8499998999999999,REGULAR,MU180824C00050000,USD,1535068800,0.45313046874999996,True,7.5,1531747963,147,12.781954,50.0,call,6,38,2018-08-23 17:00:00
444,6.65,6.5,0.0,REGULAR,MU180824C00051000,USD,1535068800,0.49365740722656204,True,6.57,1531540558,193,0.0,51.0,call,45,38,2018-08-23 17:00:00
445,5.6,5.55,0.3000002,REGULAR,MU180824C00052000,USD,1535068800,0.4335994140625,True,6.05,1531759859,83,5.217395,52.0,call,2,38,2018-08-23 17:00:00
446,4.95,4.85,0.11999988600000001,REGULAR,MU180824C00053000,USD,1535068800,0.43408769042968703,True,5.12,1531766488,120,2.3999977,53.0,call,14,38,2018-08-23 17:00:00
447,4.35,4.2,0.32999992,REGULAR,MU180824C00054000,USD,1535068800,0.434820104980468,True,4.73,1531760484,248,7.499998,54.0,call,5,38,2018-08-23 17:00:00
448,3.75,3.65,-0.1500001,REGULAR,MU180824C00055000,USD,1535068800,0.42822837402343705,True,3.8,1531766742,332,-3.7974708,55.0,call,168,38,2018-08-23 17:00:00
449,3.2,3.1,-0.06999993,REGULAR,MU180824C00056000,USD,1535068800,0.42212491943359304,True,3.23,1531769349,258,-2.12121,56.0,call,248,38,2018-08-23 17:00:00
450,2.69,2.66,-0.15999985,REGULAR,MU180824C00057000,USD,1535068800,0.414800773925781,False,2.65,1531770312,2283,-5.693945,57.0,call,547,38,2018-08-23 17:00:00
451,2.2800000000000002,2.24,-0.08000016,REGULAR,MU180824C00058000,USD,1535068800,0.414068359375,False,2.35,1531768340,348,-3.2921877,58.0,call,61,38,2018-08-23 17:00:00
452,1.9,1.87,-0.06999993,REGULAR,MU180824C00059000,USD,1535068800,0.41065042480468705,False,1.98,1531767285,461,-3.414631,59.0,call,57,38,2018-08-23 17:00:00
453,1.6,1.57,-0.100000024,REGULAR,MU180824C00060000,USD,1535068800,0.412359392089843,False,1.6,1531770193,530,-5.8823543,60.0,call,109,38,2018-08-23 17:00:00
454,1.31,1.27,-0.11000001400000001,REGULAR,MU180824C00061000,USD,1535068800,0.409185595703124,False,1.33,1531769258,269,-7.6388893,61.0,call,178,38,2018-08-23 17:00:00
455,0.6000000000000001,0.56,0.01000005,REGULAR,MU180824C00065000,USD,1535068800,0.41309180664062406,False,0.66,1531764131,402,1.5384693,65.0,call,12,38,2018-08-23 17:00:00
456,0.23,0.19,0.0,REGULAR,MU180824C00070000,USD,1535068800,0.428716650390625,False,0.25,1531756036,128,0.0,70.0,call,124,38,2018-08-23 17:00:00
457,0.09,0.06,-0.030000005000000003,REGULAR,MU180824C00075000,USD,1535068800,0.445318046875,False,0.06,1531499731,7,-33.333336,75.0,call,10,38,2018-08-23 17:00:00
458,0.04,0.0,0.02,REGULAR,MU180824C00080000,USD,1535068800,0.4687553125,False,0.04,1531752290,23,100.0,80.0,call,5,38,2018-08-23 17:00:00
459,0.08,0.03,-0.02,REGULAR,MU180824P00040000,USD,1535068800,0.52539537109375,False,0.05,1531767817,44,-28.571426,40.0,put,40,38,2018-08-23 17:00:00
460,0.24,0.2,-0.030000001000000002,REGULAR,MU180824P00045000,USD,1535068800,0.45606012695312503,False,0.2,1531766050,72,-13.043478,45.0,put,52,38,2018-08-23 17:00:00
461,0.30000000000000004,0.27,-0.020000010000000002,REGULAR,MU180824P00046000,USD,1535068800,0.44385321777343706,False,0.29,1531767817,109,-6.4516162999999995,46.0,put,40,38,2018-08-23 17:00:00
462,0.39,0.36,-0.16,REGULAR,MU180824P00047000,USD,1535068800,0.43652907226562504,False,0.34,1531749901,48,-32.0,47.0,put,1,38,2018-08-23 17:00:00
463,0.51,0.49,-0.059999973000000005,REGULAR,MU180824P00048000,USD,1535068800,0.43164630859374997,False,0.47000000000000003,1531753453,2076,-11.32075,48.0,put,112,38,2018-08-23 17:00:00
464,0.66,0.63,-0.07999998,REGULAR,MU180824P00049000,USD,1535068800,0.426763544921875,False,0.6000000000000001,1531766064,64,-11.764703,49.0,put,5,38,2018-08-23 17:00:00
465,0.84,0.81,-0.11000001400000001,REGULAR,MU180824P00050000,USD,1535068800,0.421636643066406,False,0.74,1531759493,281,-12.941177,50.0,put,57,38,2018-08-23 17:00:00
466,1.05,1.03,-0.08999997400000001,REGULAR,MU180824P00051000,USD,1535068800,0.41528905029296803,False,0.96,1531757569,203,-8.571426,51.0,put,5,38,2018-08-23 17:00:00
467,1.32,1.28,-0.08000004000000001,REGULAR,MU180824P00052000,USD,1535068800,0.412359392089843,False,1.24,1531766189,292,-6.0606093,52.0,put,52,38,2018-08-23 17:00:00
468,1.62,1.6,-0.19999993,REGULAR,MU180824P00053000,USD,1535068800,0.40698835205078104,False,1.44,1531749964,177,-12.195118,53.0,put,21,38,2018-08-23 17:00:00
469,1.98,1.9500000000000002,-0.19000006,REGULAR,MU180824P00054000,USD,1535068800,0.40332627929687503,False,1.78,1531761565,439,-9.644673,54.0,put,6,38,2018-08-23 17:00:00
470,2.4,2.37,-0.12999988,REGULAR,MU180824P00055000,USD,1535068800,0.40088489746093703,False,2.22,1531753439,362,-5.5319095,55.0,put,54,38,2018-08-23 17:00:00
471,2.86,2.84,-0.05999994300000001,REGULAR,MU180824P00056000,USD,1535068800,0.39649041015625003,False,2.8,1531768734,112,-2.0979001999999998,56.0,put,10,38,2018-08-23 17:00:00
472,3.35,3.3,-0.40000009999999997,REGULAR,MU180824P00057000,USD,1535068800,0.389166264648437,True,3.35,1531767499,80,-10.666669,57.0,put,1,38,2018-08-23 17:00:00
473,4.0,3.9,0.029999971,REGULAR,MU180824P00058000,USD,1535068800,0.39624627197265605,True,3.95,1531767881,45,0.7653053999999999,58.0,put,12,38,2018-08-23 17:00:00
474,4.6,4.5,-0.40999985,REGULAR,MU180824P00059000,USD,1535068800,0.389654541015625,True,4.25,1531759827,12,-8.798281,59.0,put,18,38,2018-08-23 17:00:00
475,5.35,5.2,-1.9000001,REGULAR,MU180824P00060000,USD,1535068800,0.39746696289062505,True,4.85,1531758762,34,-28.148151,60.0,put,20,38,2018-08-23 17:00:00
476,6.05,5.95,-2.9299998,REGULAR,MU180824P00061000,USD,1535068800,0.39185178466796805,True,5.52,1531758762,240,-34.674557,61.0,put,20,38,2018-08-23 17:00:00
477,9.25,9.1,0.0,REGULAR,MU180824P00065000,USD,1535068800,0.36524072265625,True,9.7,1531540577,41,0.0,65.0,put,10,38,2018-08-23 17:00:00
478,11.95,11.75,0.0,REGULAR,MU180831C00045000,USD,1535673600,0.562992651367187,True,11.2,1531540559,0,0.0,45.0,call,25,45,2018-08-30 17:00:00
479,11.1,10.85,0.0,REGULAR,MU180831C00046000,USD,1535673600,0.551762294921875,True,10.15,1531540559,25,0.0,46.0,call,25,45,2018-08-30 17:00:00
480,9.85,9.7,0.60999966,REGULAR,MU180831C00047000,USD,1535673600,0.481938774414062,True,9.86,1531767754,1,6.5945907,47.0,call,2,45,2018-08-30 17:00:00
481,9.0,8.9,0.7600002,REGULAR,MU180831C00048000,USD,1535673600,0.47412635253906205,True,9.1,1531769990,1,9.112713,48.0,call,2,45,2018-08-30 17:00:00
482,7.4,7.25,0.3800001,REGULAR,MU180831C00050000,USD,1535673600,0.46143116699218706,True,7.78,1531761654,3,5.1351366,50.0,call,5,45,2018-08-30 17:00:00
483,6.7,6.5,0.8400001500000001,REGULAR,MU180831C00051000,USD,1535673600,0.463140134277343,True,7.04,1531757440,4,13.54839,51.0,call,4,45,2018-08-30 17:00:00
484,5.45,5.25,0.0,REGULAR,MU180831C00053000,USD,1535673600,0.46924358886718703,True,4.72,1531540560,1,0.0,53.0,call,1,45,2018-08-30 17:00:00
485,4.65,4.55,0.1500001,REGULAR,MU180831C00054000,USD,1535673600,0.44043528320312403,True,4.85,1531765476,6,3.1914916,54.0,call,3,45,2018-08-30 17:00:00
486,4.25,4.1,0.0,REGULAR,MU180831C00055000,USD,1535673600,0.458745646972656,True,4.05,1531540560,21,0.0,55.0,call,19,45,2018-08-30 17:00:00
487,3.45,3.4,0.03999996,REGULAR,MU180831C00056000,USD,1535673600,0.42066009033203106,True,3.7800000000000002,1531763413,7,1.0695177,56.0,call,26,45,2018-08-30 17:00:00
488,2.98,2.93,-0.10000014,REGULAR,MU180831C00057000,USD,1535673600,0.418706984863281,False,3.05,1531769698,8,-3.1746075,57.0,call,63,45,2018-08-30 17:00:00
489,2.5700000000000003,2.5300000000000002,-0.17000008,REGULAR,MU180831C00058000,USD,1535673600,0.41846284667968703,False,2.59,1531770113,12,-6.159423,58.0,call,31,45,2018-08-30 17:00:00
490,2.19,2.15,0.27999997,REGULAR,MU180831C00059000,USD,1535673600,0.41626560302734306,False,2.5700000000000003,1531752197,56,12.227074,59.0,call,14,45,2018-08-30 17:00:00
491,1.8599999999999999,1.83,-0.01000011,REGULAR,MU180831C00060000,USD,1535673600,0.41528905029296803,False,1.9300000000000002,1531766960,52,-0.51546955,60.0,call,123,45,2018-08-30 17:00:00
492,1.56,1.53,-0.04000008,REGULAR,MU180831C00061000,USD,1535673600,0.412847668457031,False,1.56,1531770303,63,-2.500005,61.0,call,2161,45,2018-08-30 17:00:00
493,0.77,0.73,-0.060000002000000004,REGULAR,MU180831C00065000,USD,1535673600,0.41455663574218704,False,0.78,1531768977,18,-7.1428576,65.0,call,52,45,2018-08-30 17:00:00
494,0.33,0.28,-0.00999999,REGULAR,MU180831C00070000,USD,1535673600,0.429204926757812,False,0.33,1531763499,100,-2.9411738,70.0,call,38,45,2018-08-30 17:00:00
495,0.15,0.11,0.0,REGULAR,MU180831C00075000,USD,1535673600,0.44922425781249903,False,0.12,1531540560,0,0.0,75.0,call,10,45,2018-08-30 17:00:00
496,0.07,0.03,0.0,REGULAR,MU180831C00080000,USD,1535673600,0.46680220703125,False,0.06,1531540560,5,0.0,80.0,call,5,45,2018-08-30 17:00:00
497,0.31,0.28,0.0,REGULAR,MU180831P00045000,USD,1535673600,0.44775942871093705,False,0.29,1531766544,22,0.0,45.0,put,13,45,2018-08-30 17:00:00
498,0.41000000000000003,0.37,-0.00999999,REGULAR,MU180831P00046000,USD,1535673600,0.44482977050781203,False,0.38,1531766626,35,-2.5641002999999998,46.0,put,18,45,2018-08-30 17:00:00
499,0.5,0.48,-0.120000005,REGULAR,MU180831P00047000,USD,1535673600,0.433111137695312,False,0.5,1531769043,20,-19.35484,47.0,put,17,45,2018-08-30 17:00:00
500,0.64,0.61,-0.01999998,REGULAR,MU180831P00048000,USD,1535673600,0.428716650390625,False,0.61,1531766544,16,-3.1746001,48.0,put,8,45,2018-08-30 17:00:00
501,1.02,0.98,-0.029999971,REGULAR,MU180831P00050000,USD,1535673600,0.421636643066406,False,0.99,1531767695,13,-2.9411738,50.0,put,13,45,2018-08-30 17:00:00
502,1.25,1.22,-0.029999971,REGULAR,MU180831P00051000,USD,1535673600,0.416021464843749,False,1.21,1531766577,33,-2.4193525,51.0,put,2,45,2018-08-30 17:00:00
503,1.52,1.49,-0.01999998,REGULAR,MU180831P00052000,USD,1535673600,0.410406286621093,False,1.48,1531768280,2,-1.3333321,52.0,put,25,45,2018-08-30 17:00:00
504,1.85,1.8,0.0,REGULAR,MU180831P00053000,USD,1535673600,0.40747662841796806,False,1.8399999999999999,1531540577,4,0.0,53.0,put,5,45,2018-08-30 17:00:00
505,2.23,2.2,-0.22000003,REGULAR,MU180831P00054000,USD,1535673600,0.40503524658203105,False,2.0,1531750083,65,-9.909911,54.0,put,4,45,2018-08-30 17:00:00
506,2.64,2.62,-0.33000016,REGULAR,MU180831P00055000,USD,1535673600,0.40039662109375,False,2.58,1531769334,48,-11.340211,55.0,put,34,45,2018-08-30 17:00:00
507,3.15,3.05,-0.089999914,REGULAR,MU180831P00056000,USD,1535673600,0.40210558837890603,False,2.98,1531766274,21,-2.9315933999999997,56.0,put,10,45,2018-08-30 17:00:00
508,3.7,3.6,-0.01999998,REGULAR,MU180831P00057000,USD,1535673600,0.40259386474609304,True,3.55,1531769287,2,-0.5602235,57.0,put,2,45,2018-08-30 17:00:00
509,4.25,4.15,-0.049999714,REGULAR,MU180831P00058000,USD,1535673600,0.397222824707031,True,4.15,1531770113,5,-1.1904694,58.0,put,36,45,2018-08-30 17:00:00
510,5.55,5.45,-0.61000013,REGULAR,MU180831P00060000,USD,1535673600,0.394049028320312,True,5.04,1531750683,3,-10.796462,60.0,put,4,45,2018-08-30 17:00:00
511,6.2,6.05,0.0,REGULAR,MU180831P00061000,USD,1535673600,0.38330694824218703,True,6.86,1531540578,3,0.0,61.0,put,3,45,2018-08-30 17:00:00
512,26.7,26.45,2.3499985,REGULAR,MU180921C00030000,USD,1537488000,0.935547519531249,True,26.55,1531497464,51,9.710737,30.0,call,12,66,2018-09-20 17:00:00
513,21.7,21.5,0.0,REGULAR,MU180921C00035000,USD,1537488000,0.747072841796875,True,21.0,1531242058,25,0.0,35.0,call,2,66,2018-09-20 17:00:00
514,16.85,16.65,0.77000046,REGULAR,MU180921C00040000,USD,1537488000,0.615726499023437,True,16.5,1531507103,470,4.8951077,40.0,call,39,66,2018-09-20 17:00:00
515,12.2,12.05,0.6999998,REGULAR,MU180921C00045000,USD,1537488000,0.522465712890624,True,11.95,1531508274,1140,6.2222204,45.0,call,54,66,2018-09-20 17:00:00
516,8.1,7.95,0.7000003,REGULAR,MU180921C00050000,USD,1537488000,0.47730014892578104,True,8.1,1531511726,5863,9.459463,50.0,call,117,66,2018-09-20 17:00:00
517,6.35,6.25,0.46999979999999997,REGULAR,MU180921C00052500,USD,1537488000,0.45825737060546806,True,6.22,1531510139,2388,8.173909,52.5,call,244,66,2018-09-20 17:00:00
518,4.9,4.8,0.49000025,REGULAR,MU180921C00055000,USD,1537488000,0.449956672363281,True,4.84,1531511853,10663,11.264374,55.0,call,1225,66,2018-09-20 17:00:00
519,3.65,3.55,0.38999987,REGULAR,MU180921C00057500,USD,1537488000,0.439214592285156,False,3.59,1531511998,5908,12.187496,57.5,call,529,66,2018-09-20 17:00:00
520,2.65,2.61,0.25,REGULAR,MU180921C00060000,USD,1537488000,0.431158032226562,False,2.61,1531511919,16998,10.593221,60.0,call,1579,66,2018-09-20 17:00:00
521,1.9,1.8599999999999999,0.19999993,REGULAR,MU180921C00062500,USD,1537488000,0.42774009765625004,False,1.8900000000000001,1531510741,3155,11.834315,62.5,call,211,66,2018-09-20 17:00:00
522,1.33,1.3,0.13999999,REGULAR,MU180921C00065000,USD,1537488000,0.424322163085937,False,1.31,1531511998,7360,11.965811,65.0,call,596,66,2018-09-20 17:00:00
523,0.9400000000000001,0.9,0.11000001400000001,REGULAR,MU180921C00067500,USD,1537488000,0.42627526855468706,False,0.91,1531510251,2044,13.750002,67.5,call,192,66,2018-09-20 17:00:00
524,0.65,0.61,0.060000002000000004,REGULAR,MU180921C00070000,USD,1537488000,0.426763544921875,False,0.62,1531511068,3316,10.714286,70.0,call,236,66,2018-09-20 17:00:00
525,0.33,0.27,0.07000001,REGULAR,MU180921C00075000,USD,1537488000,0.43701734863281205,False,0.30000000000000004,1531497439,1046,30.434784,75.0,call,27,66,2018-09-20 17:00:00
526,0.15,0.13,0.020000003000000002,REGULAR,MU180921C00080000,USD,1537488000,0.43848217773437503,False,0.14,1531510190,400,16.66667,80.0,call,287,66,2018-09-20 17:00:00
527,0.1,0.06,0.010000002000000001,REGULAR,MU180921C00085000,USD,1537488000,0.46680220703125,False,0.07,1531509306,1373,16.66667,85.0,call,35,66,2018-09-20 17:00:00
528,0.07,0.04,0.0,REGULAR,MU180921P00035000,USD,1537488000,0.5097705273437501,False,0.09,1531334245,476,0.0,35.0,put,1,66,2018-09-20 17:00:00
529,0.18,0.13,-0.049999997000000004,REGULAR,MU180921P00040000,USD,1537488000,0.46582565429687506,False,0.15,1531507846,5965,-24.999998,40.0,put,29,66,2018-09-20 17:00:00
530,0.52,0.51,-0.11000001400000001,REGULAR,MU180921P00045000,USD,1537488000,0.42774009765625004,False,0.51,1531510738,7978,-17.741938,45.0,put,244,66,2018-09-20 17:00:00
531,1.42,1.3900000000000001,-0.26999998000000003,REGULAR,MU180921P00050000,USD,1537488000,0.407232490234375,False,1.4100000000000001,1531510917,13298,-16.071428,50.0,put,181,66,2018-09-20 17:00:00
532,2.19,2.15,-0.3599999,REGULAR,MU180921P00052500,USD,1537488000,0.399908344726562,False,2.18,1531511774,5255,-14.173224,52.5,put,164,66,2018-09-20 17:00:00
533,3.2,3.15,-0.48000002,REGULAR,MU180921P00055000,USD,1537488000,0.39209592285156203,False,3.15,1531511935,7363,-13.22314,55.0,put,194,66,2018-09-20 17:00:00
534,4.5,4.4,-0.5500001999999999,REGULAR,MU180921P00057500,USD,1537488000,0.38745729736328105,True,4.45,1531511913,1793,-11.000004,57.5,put,116,66,2018-09-20 17:00:00
535,6.05,5.9,-0.44000006,REGULAR,MU180921P00060000,USD,1537488000,0.38269660278320305,True,6.15,1531507638,1356,-6.6767836,60.0,put,341,66,2018-09-20 17:00:00
536,7.8,7.7,0.0,REGULAR,MU180921P00062500,USD,1537488000,0.374029697265624,True,8.65,1531407599,665,0.0,62.5,put,1,66,2018-09-20 17:00:00
537,9.75,9.65,-1.75,REGULAR,MU180921P00065000,USD,1537488000,0.364508308105468,True,9.7,1531510273,163,-15.283842,65.0,put,2,66,2018-09-20 17:00:00
538,15.05,14.35,0.0,REGULAR,MU180921P00067500,USD,1537488000,0.7319362744140621,True,13.91,1530560036,186,0.0,67.5,put,1,66,2018-09-20 17:00:00
539,14.1,13.95,0.0,REGULAR,MU180921P00070000,USD,1537488000,0.33496758789062503,True,15.0,1531403827,38,0.0,70.0,put,21,66,2018-09-20 17:00:00
540,18.9,18.6,0.0,REGULAR,MU180921P00075000,USD,1537488000,0.314459980468749,True,19.92,1531403646,160,0.0,75.0,put,1,66,2018-09-20 17:00:00
541,23.8,23.55,0.0,REGULAR,MU180921P00080000,USD,1537488000,1e-05,True,24.17,1531540579,0,0.0,80.0,put,1,66,2018-09-20 17:00:00
542,32.25,32.1,0.0,REGULAR,MU180921P00085000,USD,1537488000,1.09058071899414,True,32.6,1530124534,1,0.0,85.0,put,1,66,2018-09-20 17:00:00
543,33.7,33.4,0.0,REGULAR,MU181019C00023000,USD,1539907200,1.059575014648437,True,33.0,1531250091,249,0.0,23.0,call,11,94,2018-10-18 17:00:00
544,33.65,33.15,0.0,REGULAR,MU181019C00024000,USD,1539907200,1.336917377929687,True,36.2,1529590626,16,0.0,24.0,call,16,94,2018-10-18 17:00:00
545,31.8,31.5,0.0,REGULAR,MU181019C00025000,USD,1539907200,1.018559594726562,True,29.5,1531338026,102,0.0,25.0,call,8,94,2018-10-18 17:00:00
546,30.8,30.5,0.0,REGULAR,MU181019C00026000,USD,1539907200,0.97460962890625,True,29.15,1531318828,143,0.0,26.0,call,3,94,2018-10-18 17:00:00
547,33.45,33.3,9.799999,REGULAR,MU181019C00027000,USD,1539907200,1.8222665136718752,True,33.6,1528903930,103,41.176468,27.0,call,2,94,2018-10-18 17:00:00
548,25.6,25.45,0.0,REGULAR,MU181019C00028000,USD,1539907200,1e-05,True,24.5,1530802585,24,0.0,28.0,call,8,94,2018-10-18 17:00:00
549,24.65,24.45,0.0,REGULAR,MU181019C00029000,USD,1539907200,1e-05,True,23.9,1530811988,116,0.0,29.0,call,8,94,2018-10-18 17:00:00
550,26.85,26.55,1.8499984999999999,REGULAR,MU181019C00030000,USD,1539907200,0.834962587890624,True,26.55,1531500766,393,7.489872,30.0,call,10,94,2018-10-18 17:00:00
551,22.7,22.5,0.0,REGULAR,MU181019C00031000,USD,1539907200,1e-05,True,22.15,1530820350,63,0.0,31.0,call,3,94,2018-10-18 17:00:00
552,24.8,24.5,0.0,REGULAR,MU181019C00032000,USD,1539907200,0.745119736328125,True,21.97,1531152682,63,0.0,32.0,call,9,94,2018-10-18 17:00:00
553,20.2,19.85,0.0,REGULAR,MU181019C00033000,USD,1539907200,1e-05,True,20.65,1530210821,137,0.0,33.0,call,1,94,2018-10-18 17:00:00
554,19.8,19.4,-6.0700016,REGULAR,MU181019C00034000,USD,1539907200,1e-05,True,20.8,1530108779,90,-22.590254,34.0,call,10,94,2018-10-18 17:00:00
555,21.9,21.6,2.2200012,REGULAR,MU181019C00035000,USD,1539907200,0.674807939453125,True,21.87,1531498667,343,11.297716,35.0,call,20,94,2018-10-18 17:00:00
556,20.95,20.65,0.0,REGULAR,MU181019C00036000,USD,1539907200,0.6552768847656251,True,18.26,1531154083,104,0.0,36.0,call,5,94,2018-10-18 17:00:00
557,17.15,16.55,0.0,REGULAR,MU181019C00037000,USD,1539907200,1e-05,True,14.61,1530635623,152,0.0,37.0,call,1,94,2018-10-18 17:00:00
558,19.0,18.7,0.0,REGULAR,MU181019C00038000,USD,1539907200,0.603031313476562,True,18.05,1531424924,398,0.0,38.0,call,2,94,2018-10-18 17:00:00
559,15.2,15.05,0.29999924,REGULAR,MU181019C00039000,USD,1539907200,1e-05,True,15.15,1530904516,361,2.020197,39.0,call,10,94,2018-10-18 17:00:00
560,17.15,16.95,0.90999985,REGULAR,MU181019C00040000,USD,1539907200,0.5825237060546871,True,17.01,1531511003,1961,5.652173,40.0,call,30,94,2018-10-18 17:00:00
561,16.2,16.05,3.2299995,REGULAR,MU181019C00041000,USD,1539907200,0.564701618652343,True,16.08,1531509682,1120,25.13618,41.0,call,19,94,2018-10-18 17:00:00
562,15.35,15.1,0.26000023,REGULAR,MU181019C00042000,USD,1539907200,0.550297465820312,True,14.96,1531491057,740,1.7687089999999999,42.0,call,25,94,2018-10-18 17:00:00
563,12.05,11.35,0.0,REGULAR,MU181019C00043000,USD,1539907200,1e-05,True,12.25,1530557793,634,0.0,43.0,call,1,94,2018-10-18 17:00:00
564,13.6,13.4,0.15000057,REGULAR,MU181019C00044000,USD,1539907200,0.528813305664062,True,12.8,1531488891,283,1.1857753,44.0,call,2,94,2018-10-18 17:00:00
565,12.8,12.55,0.8500004,REGULAR,MU181019C00045000,USD,1539907200,0.520512607421874,True,12.75,1531510469,2399,7.1428604,45.0,call,8,94,2018-10-18 17:00:00
566,11.95,11.8,0.0,REGULAR,MU181019C00046000,USD,1539907200,0.513432600097656,True,10.85,1531402810,523,0.0,46.0,call,22,94,2018-10-18 17:00:00
567,11.2,11.05,0.75,REGULAR,MU181019C00047000,USD,1539907200,0.5097705273437501,True,11.05,1531511626,1135,7.281553,47.0,call,2,94,2018-10-18 17:00:00
568,10.45,10.25,0.5999994,REGULAR,MU181019C00048000,USD,1539907200,0.500737414550781,True,10.15,1531507194,1778,6.2827163,48.0,call,4,94,2018-10-18 17:00:00
569,9.7,9.55,0.8000001999999999,REGULAR,MU181019C00049000,USD,1539907200,0.502934658203125,True,9.55,1531509455,1545,9.142859,49.0,call,107,94,2018-10-18 17:00:00
570,9.0,8.9,0.6499996,REGULAR,MU181019C00050000,USD,1539907200,0.49683120361328104,True,8.95,1531511973,8282,7.8313203,50.0,call,165,94,2018-10-18 17:00:00
571,7.4,7.3,0.5500001999999999,REGULAR,MU181019C00052500,USD,1539907200,0.48535670898437505,True,7.3,1531511530,5933,8.14815,52.5,call,348,94,2018-10-18 17:00:00
572,6.0,5.9,0.47000027,REGULAR,MU181019C00055000,USD,1539907200,0.476567734375,True,5.92,1531511538,22432,8.623858,55.0,call,879,94,2018-10-18 17:00:00
573,4.8,4.7,0.4499998,REGULAR,MU181019C00057500,USD,1539907200,0.46973186523437505,False,4.73,1531511963,6843,10.514013,57.5,call,387,94,2018-10-18 17:00:00
574,3.8,3.7,0.39999986,REGULAR,MU181019C00060000,USD,1539907200,0.465093239746093,False,3.8,1531511968,22707,11.764702,60.0,call,786,94,2018-10-18 17:00:00
575,2.94,2.91,0.33000016,REGULAR,MU181019C00062500,USD,1539907200,0.458379439697265,False,2.92,1531510958,6096,12.74132,62.5,call,384,94,2018-10-18 17:00:00
576,2.2800000000000002,2.25,0.28999996,REGULAR,MU181019C00065000,USD,1539907200,0.456304265136718,False,2.2800000000000002,1531510908,18579,14.572862,65.0,call,271,94,2018-10-18 17:00:00
577,1.75,1.71,0.16000009,REGULAR,MU181019C00067500,USD,1539907200,0.45459529785156205,False,1.72,1531511877,3552,10.256416,67.5,call,157,94,2018-10-18 17:00:00
578,1.32,1.3,0.13999999,REGULAR,MU181019C00070000,USD,1539907200,0.45166563964843703,False,1.31,1531511009,39938,11.965811,70.0,call,1705,94,2018-10-18 17:00:00
579,0.75,0.73,0.07999998,REGULAR,MU181019C00075000,USD,1539907200,0.45044494873046803,False,0.75,1531510274,7446,11.940296,75.0,call,196,94,2018-10-18 17:00:00
580,0.45,0.4,0.06999999,REGULAR,MU181019C00080000,USD,1539907200,0.457524956054687,False,0.43,1531510284,9008,19.444443,80.0,call,687,94,2018-10-18 17:00:00
581,0.27,0.24,0.049999997000000004,REGULAR,MU181019C00085000,USD,1539907200,0.463872548828125,False,0.25,1531508166,2859,24.999998,85.0,call,23,94,2018-10-18 17:00:00
582,0.15,0.12,0.040000007000000004,REGULAR,MU181019C00090000,USD,1539907200,0.463872548828125,False,0.15,1531509985,6032,36.363644,90.0,call,178,94,2018-10-18 17:00:00
583,0.11,0.07,0.009999998000000001,REGULAR,MU181019C00095000,USD,1539907200,0.48340360351562506,False,0.08,1531498843,2334,14.285712,95.0,call,178,94,2018-10-18 17:00:00
584,0.03,0.0,0.0,REGULAR,MU181019P00023000,USD,1539907200,0.6562534375000001,False,0.03,1531229626,548,0.0,23.0,put,10,94,2018-10-18 17:00:00
585,0.07,0.04,0.0,REGULAR,MU181019P00024000,USD,1539907200,0.7304714453125,False,0.04,1529943068,76,0.0,24.0,put,3,94,2018-10-18 17:00:00
586,0.07,0.04,0.0,REGULAR,MU181019P00025000,USD,1539907200,0.6992217578125001,False,0.03,1530042637,68,0.0,25.0,put,30,94,2018-10-18 17:00:00
587,0.05,0.01,0.0,REGULAR,MU181019P00026000,USD,1539907200,0.617191328125,False,0.02,1527187466,107,0.0,26.0,put,3,94,2018-10-18 17:00:00
588,0.04,0.02,0.0,REGULAR,MU181019P00027000,USD,1539907200,0.5898478515625001,False,0.04,1531406547,224,0.0,27.0,put,64,94,2018-10-18 17:00:00
589,0.05,0.02,0.0,REGULAR,MU181019P00028000,USD,1539907200,0.5742230078125,False,0.04,1530798495,201,0.0,28.0,put,10,94,2018-10-18 17:00:00
590,0.04,0.0,0.0,REGULAR,MU181019P00029000,USD,1539907200,0.5117236328125,False,0.07,1528128913,238,0.0,29.0,put,2,94,2018-10-18 17:00:00
591,0.05,0.03,0.0,REGULAR,MU181019P00030000,USD,1539907200,0.5312546875,False,0.04,1531403714,4827,0.0,30.0,put,56,94,2018-10-18 17:00:00
592,0.16,0.12,0.029999994000000002,REGULAR,MU181019P00031000,USD,1539907200,0.6074258007812501,False,0.13,1530123778,2192,29.999992,31.0,put,50,94,2018-10-18 17:00:00
593,0.14,0.09,-0.04,REGULAR,MU181019P00032000,USD,1539907200,0.56055126953125,False,0.1,1530890873,415,-28.571426,32.0,put,169,94,2018-10-18 17:00:00
594,0.17,0.12,0.0,REGULAR,MU181019P00033000,USD,1539907200,0.5546919531250001,False,0.16,1530804360,300,0.0,33.0,put,50,94,2018-10-18 17:00:00
595,0.11,0.08,-0.09999999400000001,REGULAR,MU181019P00034000,USD,1539907200,0.502934658203125,False,0.09,1531499377,360,-52.631577,34.0,put,60,94,2018-10-18 17:00:00
596,0.15,0.1,-0.049999997000000004,REGULAR,MU181019P00035000,USD,1539907200,0.5039112109375,False,0.11,1531499377,1663,-31.25,35.0,put,60,94,2018-10-18 17:00:00
597,0.17,0.13,-0.049999997000000004,REGULAR,MU181019P00036000,USD,1539907200,0.4882863671875,False,0.16,1531498106,548,-23.809523,36.0,put,20,94,2018-10-18 17:00:00
598,0.2,0.17,-0.06999999,REGULAR,MU181019P00037000,USD,1539907200,0.476567734375,False,0.19,1531510825,1172,-26.923075,37.0,put,21,94,2018-10-18 17:00:00
599,0.25,0.21,0.0,REGULAR,MU181019P00038000,USD,1539907200,0.47168497070312504,False,0.33,1531333080,1535,0.0,38.0,put,6,94,2018-10-18 17:00:00
600,0.30000000000000004,0.27,-0.060000002000000004,REGULAR,MU181019P00039000,USD,1539907200,0.46338427246093705,False,0.30000000000000004,1531491003,600,-16.666668,39.0,put,121,94,2018-10-18 17:00:00
601,0.38,0.34,-0.11999997500000001,REGULAR,MU181019P00040000,USD,1539907200,0.46143116699218706,False,0.36,1531496449,7581,-24.999996,40.0,put,4,94,2018-10-18 17:00:00
602,0.45,0.42,0.0,REGULAR,MU181019P00041000,USD,1539907200,0.45313046874999996,False,0.66,1531322828,2283,0.0,41.0,put,1,94,2018-10-18 17:00:00
603,0.55,0.53,-0.32999998,REGULAR,MU181019P00042000,USD,1539907200,0.448735981445312,False,0.56,1531494320,6121,-37.07865,42.0,put,10,94,2018-10-18 17:00:00
604,0.67,0.65,0.0,REGULAR,MU181019P00043000,USD,1539907200,0.44580632324218705,False,0.87,1531402954,7102,0.0,43.0,put,13,94,2018-10-18 17:00:00
605,0.81,0.79,0.0,REGULAR,MU181019P00044000,USD,1539907200,0.442388388671875,False,0.91,1531405402,3709,0.0,44.0,put,5,94,2018-10-18 17:00:00
606,0.98,0.9500000000000001,-0.120000005,REGULAR,MU181019P00045000,USD,1539907200,0.440679421386718,False,1.01,1531504298,25505,-10.61947,45.0,put,60,94,2018-10-18 17:00:00
607,1.17,1.15,-0.04000008,REGULAR,MU181019P00046000,USD,1539907200,0.43823803955078106,False,1.28,1531489536,2997,-3.0303092,46.0,put,21,94,2018-10-18 17:00:00
608,1.3900000000000001,1.3599999999999999,-0.21000004,REGULAR,MU181019P00047000,USD,1539907200,0.43652907226562504,False,1.3599999999999999,1531496470,5708,-13.375798,47.0,put,4,94,2018-10-18 17:00:00
609,1.63,1.6,-0.21000004,REGULAR,MU181019P00048000,USD,1539907200,0.43384355224609306,False,1.6400000000000001,1531511636,2947,-11.351353,48.0,put,12,94,2018-10-18 17:00:00
610,1.9100000000000001,1.87,-0.20000005,REGULAR,MU181019P00049000,USD,1539907200,0.432378723144531,False,1.9500000000000002,1531504579,1233,-9.302327,49.0,put,15,94,2018-10-18 17:00:00
611,2.21,2.18,-0.22000003,REGULAR,MU181019P00050000,USD,1539907200,0.429937341308593,False,2.22,1531510248,16070,-9.016395,50.0,put,575,94,2018-10-18 17:00:00
612,3.15,3.05,-0.27999997,REGULAR,MU181019P00052500,USD,1539907200,0.428716650390625,False,3.17,1531505661,7896,-8.115941,52.5,put,20,94,2018-10-18 17:00:00
613,4.25,4.15,-0.4300003,REGULAR,MU181019P00055000,USD,1539907200,0.42334561035156204,False,4.2,1531510273,8733,-9.287264,55.0,put,159,94,2018-10-18 17:00:00
614,5.55,5.45,-0.3499999,REGULAR,MU181019P00057500,USD,1539907200,0.417608363037109,True,5.5,1531495771,4273,-5.9829044,57.5,put,24,94,2018-10-18 17:00:00
615,7.0,6.95,-0.40000009999999997,REGULAR,MU181019P00060000,USD,1539907200,0.40772076660156203,True,7.0,1531511061,5551,-5.4054065,60.0,put,55,94,2018-10-18 17:00:00
616,8.7,8.6,0.0,REGULAR,MU181019P00062500,USD,1539907200,0.40344834838867105,True,9.23,1531406367,814,0.0,62.5,put,71,94,2018-10-18 17:00:00
617,10.55,10.4,-0.6500005999999999,REGULAR,MU181019P00065000,USD,1539907200,0.39746696289062505,True,10.7,1531507905,1765,-5.726877,65.0,put,43,94,2018-10-18 17:00:00
618,12.55,12.4,-0.9200001,REGULAR,MU181019P00067500,USD,1539907200,0.391607646484374,True,12.35,1531495520,639,-6.9329314,67.5,put,18,94,2018-10-18 17:00:00
619,14.65,14.5,-1.0499992,REGULAR,MU181019P00070000,USD,1539907200,0.382330395507812,True,14.6,1531499410,731,-6.7092605,70.0,put,5,94,2018-10-18 17:00:00
620,22.2,21.7,0.0,REGULAR,MU181019P00075000,USD,1539907200,0.737307314453125,True,24.1,1530636838,311,0.0,75.0,put,2,94,2018-10-18 17:00:00
621,23.9,23.6,0.0,REGULAR,MU181019P00080000,USD,1539907200,0.31348342773437504,True,24.3,1531239205,714,0.0,80.0,put,1,94,2018-10-18 17:00:00
622,28.8,28.55,0.0,REGULAR,MU181019P00085000,USD,1539907200,1e-05,True,31.65,1531146332,9,0.0,85.0,put,6,94,2018-10-18 17:00:00
623,33.2,32.85,2.5,REGULAR,MU181019P00090000,USD,1539907200,1e-05,True,32.7,1529686626,236,8.278146,90.0,put,2,94,2018-10-18 17:00:00
624,38.8,38.55,0.0,REGULAR,MU181019P00095000,USD,1539907200,1e-05,True,40.45,1531229626,0,0.0,95.0,put,10,94,2018-10-18 17:00:00
625,30.6,26.1,0.0,REGULAR,MU190118C00003000,USD,1547769600,1e-05,True,26.4,1496462177,58,0.0,3.0,call,20,185,2019-01-17 16:00:00
626,56.95,56.15,1.550003,REGULAR,MU190118C00005000,USD,1547769600,0.0,True,56.4,1527273833,2707,2.8258944,5.0,call,3,185,2019-01-17 16:00:00
627,26.1,22.35,0.0,REGULAR,MU190118C00008000,USD,1547769600,1e-05,True,23.85,1499866710,43,0.0,8.0,call,1,185,2019-01-17 16:00:00
628,42.2,41.25,-8.119999,REGULAR,MU190118C00010000,USD,1547769600,1e-05,True,41.08,1530635879,2869,-16.504063,10.0,call,5,185,2019-01-17 16:00:00
629,46.3,45.7,0.0,REGULAR,MU190118C00013000,USD,1547769600,2.062504843749999,True,46.0,1527784538,332,0.0,13.0,call,10,185,2019-01-17 16:00:00
630,47.1,46.35,3.3300018,REGULAR,MU190118C00015000,USD,1547769600,2.504398270263671,True,47.25,1527266483,2376,7.5819716,15.0,call,10,185,2019-01-17 16:00:00
631,42.35,41.75,0.55999756,REGULAR,MU190118C00017000,USD,1547769600,1.702638205566406,True,41.85,1527859911,4245,1.3562546,17.0,call,16,185,2019-01-17 16:00:00
632,36.95,36.65,0.0,REGULAR,MU190118C00020000,USD,1547769600,0.961914443359374,True,35.55,1531411575,5743,0.0,20.0,call,2,185,2019-01-17 16:00:00
633,30.45,29.4,0.0,REGULAR,MU190118C00022000,USD,1547769600,1e-05,True,32.25,1530558429,1669,0.0,22.0,call,7,185,2019-01-17 16:00:00
634,32.05,31.65,0.0,REGULAR,MU190118C00025000,USD,1547769600,0.7880880566406251,True,31.2,1531237721,6271,0.0,25.0,call,21,185,2019-01-17 16:00:00
635,27.75,27.35,0.0,REGULAR,MU190118C00026000,USD,1547769600,1e-05,True,29.0,1530041371,29,0.0,26.0,call,16,185,2019-01-17 16:00:00
636,25.5,24.8,-1.9500008,REGULAR,MU190118C00027000,USD,1547769600,1e-05,True,25.0,1530635518,1979,-7.235624,27.0,call,1,185,2019-01-17 16:00:00
637,25.45,24.9,0.0,REGULAR,MU190118C00028000,USD,1547769600,1e-05,True,25.35,1530128428,27,0.0,28.0,call,1,185,2019-01-17 16:00:00
638,25.25,24.55,-1.5,REGULAR,MU190118C00029000,USD,1547769600,1e-05,True,24.3,1530886578,47,-5.813954,29.0,call,1,185,2019-01-17 16:00:00
639,27.25,26.85,0.79999924,REGULAR,MU190118C00030000,USD,1547769600,0.676761044921875,True,26.8,1531506023,4744,3.07692,30.0,call,2,185,2019-01-17 16:00:00
640,22.8,22.2,-0.6900005300000001,REGULAR,MU190118C00031000,USD,1547769600,1e-05,True,22.41,1530302016,7,-2.9870152,31.0,call,9,185,2019-01-17 16:00:00
641,25.35,24.95,1.75,REGULAR,MU190118C00032000,USD,1547769600,0.6376989355468751,True,25.05,1531510212,2752,7.51073,32.0,call,1,185,2019-01-17 16:00:00
642,21.4,20.9,0.5,REGULAR,MU190118C00033000,USD,1547769600,1e-05,True,22.3,1530108786,22,2.293578,33.0,call,16,185,2019-01-17 16:00:00
643,23.5,23.1,0.0,REGULAR,MU190118C00034000,USD,1547769600,0.606937524414062,True,21.3,1531318437,83,0.0,34.0,call,5,185,2019-01-17 16:00:00
644,22.6,22.2,0.5300007,REGULAR,MU190118C00035000,USD,1547769600,0.5944864770507811,True,22.1,1531506502,8246,2.4571195,35.0,call,6,185,2019-01-17 16:00:00
645,21.6,21.35,2.25,REGULAR,MU190118C00036000,USD,1547769600,0.5778850805664061,True,21.6,1531499379,253,11.627907,36.0,call,20,185,2019-01-17 16:00:00
646,20.7,20.5,1.0500011,REGULAR,MU190118C00037000,USD,1547769600,0.567875415039062,True,20.7,1531510473,15128,5.3435173,37.0,call,16,185,2019-01-17 16:00:00
647,19.95,19.55,0.0,REGULAR,MU190118C00038000,USD,1547769600,0.559818854980468,True,18.8,1531412223,24,0.0,38.0,call,1,185,2019-01-17 16:00:00
648,19.15,18.65,0.0,REGULAR,MU190118C00039000,USD,1547769600,0.5505416040039061,True,18.25,1531243057,61,0.0,39.0,call,8,185,2019-01-17 16:00:00
649,18.3,17.95,0.65999985,REGULAR,MU190118C00040000,USD,1547769600,0.548588498535156,True,18.0,1531511380,11688,3.8062274,40.0,call,19,185,2019-01-17 16:00:00
650,17.45,17.05,0.0,REGULAR,MU190118C00041000,USD,1547769600,0.534428483886718,True,14.7,1531144389,548,0.0,41.0,call,6,185,2019-01-17 16:00:00
651,16.65,16.25,2.0500002,REGULAR,MU190118C00042000,USD,1547769600,0.527104338378906,True,16.5,1531510350,6199,14.186853,42.0,call,2,185,2019-01-17 16:00:00
652,15.8,15.55,0.0,REGULAR,MU190118C00043000,USD,1547769600,0.520878814697265,True,14.05,1531336654,862,0.0,43.0,call,2,185,2019-01-17 16:00:00
653,15.15,14.7,0.0,REGULAR,MU190118C00044000,USD,1547769600,0.51562984375,True,14.05,1531410488,435,0.0,44.0,call,1,185,2019-01-17 16:00:00
654,14.5,13.9,0.71000004,REGULAR,MU190118C00045000,USD,1547769600,0.511113287353515,True,14.21,1531511427,20876,5.259259,45.0,call,71,185,2019-01-17 16:00:00
655,13.6,13.45,1.6600008,REGULAR,MU190118C00046000,USD,1547769600,0.509282250976562,True,13.56,1531510653,638,13.949587,46.0,call,4,185,2019-01-17 16:00:00
656,12.95,12.65,1.9000005999999998,REGULAR,MU190118C00047000,USD,1547769600,0.5019581054687501,True,12.8,1531511880,8976,17.431198,47.0,call,1,185,2019-01-17 16:00:00
657,12.35,11.95,0.9000005999999999,REGULAR,MU190118C00048000,USD,1547769600,0.514165014648437,True,12.3,1531491302,430,7.8947424999999996,48.0,call,5,185,2019-01-17 16:00:00
658,11.7,11.3,0.9499998,REGULAR,MU190118C00049000,USD,1547769600,0.509404320068359,True,11.7,1531495425,2103,8.837208,49.0,call,1,185,2019-01-17 16:00:00
659,11.0,10.9,0.6499996,REGULAR,MU190118C00050000,USD,1547769600,0.499882930908203,True,10.9,1531511980,34447,6.3414598,50.0,call,171,185,2019-01-17 16:00:00
660,9.55,9.4,0.6199998999999999,REGULAR,MU190118C00052500,USD,1547769600,0.49158223266601503,True,9.47,1531510383,4324,7.005648,52.5,call,57,185,2019-01-17 16:00:00
661,8.25,8.15,0.5399999600000001,REGULAR,MU190118C00055000,USD,1547769600,0.485112570800781,True,8.2,1531510966,22708,7.049608,55.0,call,497,185,2019-01-17 16:00:00
662,7.1,7.0,0.5,REGULAR,MU190118C00057500,USD,1547769600,0.480351876220703,False,7.0,1531511794,4330,7.692308,57.5,call,382,185,2019-01-17 16:00:00
663,6.05,5.95,0.46000004,REGULAR,MU190118C00060000,USD,1547769600,0.47424842163085906,False,6.01,1531511925,50307,8.288289,60.0,call,660,185,2019-01-17 16:00:00
664,5.15,5.05,0.40000009999999997,REGULAR,MU190118C00062500,USD,1547769600,0.470342210693359,False,5.1,1531511207,4604,8.510641,62.5,call,136,185,2019-01-17 16:00:00
665,4.4,4.3,0.3499999,REGULAR,MU190118C00065000,USD,1547769600,0.46924358886718703,False,4.35,1531510274,20180,8.749998,65.0,call,247,185,2019-01-17 16:00:00
666,3.7,3.6,0.22000003,REGULAR,MU190118C00067500,USD,1547769600,0.46497117065429605,False,3.59,1531506558,3462,6.528191,67.5,call,40,185,2019-01-17 16:00:00
667,3.15,3.05,0.20000005,REGULAR,MU190118C00070000,USD,1547769600,0.46484910156250003,False,3.05,1531508712,30310,7.017545,70.0,call,190,185,2019-01-17 16:00:00
668,2.2,2.17,0.1500001,REGULAR,MU190118C00075000,USD,1547769600,0.459111854248046,False,2.17,1531511718,17810,7.425747,75.0,call,316,185,2019-01-17 16:00:00
669,1.56,1.53,0.120000005,REGULAR,MU190118C00080000,USD,1547769600,0.45850150878906204,False,1.54,1531511443,8961,8.450705,80.0,call,425,185,2019-01-17 16:00:00
670,1.1,1.06,0.08000004000000001,REGULAR,MU190118C00085000,USD,1547769600,0.457891163330078,False,1.09,1531509301,6880,7.9207964,85.0,call,16,185,2019-01-17 16:00:00
671,0.77,0.74,0.07999998,REGULAR,MU190118C00090000,USD,1547769600,0.45703667968750006,False,0.76,1531511984,4872,11.764703,90.0,call,89,185,2019-01-17 16:00:00
672,0.56,0.51,0.049999982000000005,REGULAR,MU190118C00095000,USD,1547769600,0.46045461425781203,False,0.52,1531511879,2079,10.638294,95.0,call,261,185,2019-01-17 16:00:00
673,0.02,0.0,-0.02,REGULAR,MU190118P00003000,USD,1547769600,1.46875265625,False,0.01,1526056048,271,-66.66667,3.0,put,4,185,2019-01-17 16:00:00
674,0.02,0.0,0.01,REGULAR,MU190118P00005000,USD,1547769600,1.203128984375,False,0.02,1523032664,150,100.0,5.0,put,1,185,2019-01-17 16:00:00
675,0.04,0.0,-0.05,REGULAR,MU190118P00008000,USD,1547769600,1.03125484375,False,0.02,1523021707,104,-71.42857,8.0,put,2,185,2019-01-17 16:00:00
676,0.02,0.0,0.0,REGULAR,MU190118P00010000,USD,1547769600,0.85937640625,False,0.01,1529347000,899,0.0,10.0,put,10,185,2019-01-17 16:00:00
677,0.02,0.0,0.0,REGULAR,MU190118P00013000,USD,1547769600,0.726565234375,False,0.01,1521475095,5970,0.0,13.0,put,2,185,2019-01-17 16:00:00
678,0.04,0.01,0.0,REGULAR,MU190118P00015000,USD,1547769600,0.7226590234375,False,0.02,1530020519,3457,0.0,15.0,put,1,185,2019-01-17 16:00:00
679,0.05,0.02,-0.01,REGULAR,MU190118P00017000,USD,1547769600,0.6835969140625,False,0.03,1530111799,1485,-25.0,17.0,put,8,185,2019-01-17 16:00:00
680,0.04,0.0,-0.01,REGULAR,MU190118P00020000,USD,1547769600,0.5546919531250001,False,0.01,1531489868,3511,-50.0,20.0,put,1,185,2019-01-17 16:00:00
681,0.1,0.06,0.0,REGULAR,MU190118P00022000,USD,1547769600,0.6035195898437501,False,0.06,1529947301,4253,0.0,22.0,put,3,185,2019-01-17 16:00:00
682,0.07,0.05,0.0,REGULAR,MU190118P00025000,USD,1547769600,0.507817421875,False,0.04,1531242729,29308,0.0,25.0,put,1,185,2019-01-17 16:00:00
683,0.09,0.05,0.0,REGULAR,MU190118P00026000,USD,1547769600,0.512700185546874,False,0.1,1531150361,536,0.0,26.0,put,1,185,2019-01-17 16:00:00
684,0.11,0.07,0.0,REGULAR,MU190118P00027000,USD,1547769600,0.504887763671874,False,0.11,1531147474,12697,0.0,27.0,put,136,185,2019-01-17 16:00:00
685,0.13,0.09,0.0,REGULAR,MU190118P00028000,USD,1547769600,0.495122236328125,False,0.13,1531324338,414,0.0,28.0,put,20,185,2019-01-17 16:00:00
686,0.29,0.22,-0.07000001,REGULAR,MU190118P00029000,USD,1547769600,0.5322312402343751,False,0.23,1530297725,367,-23.333336,29.0,put,16,185,2019-01-17 16:00:00
687,0.17,0.15,-0.049999997000000004,REGULAR,MU190118P00030000,USD,1547769600,0.47168497070312504,False,0.16,1531502046,13843,-23.809523,30.0,put,30,185,2019-01-17 16:00:00
688,0.21,0.17,-0.17,REGULAR,MU190118P00031000,USD,1547769600,0.46777875976562505,False,0.2,1531502046,1150,-45.945946,31.0,put,30,185,2019-01-17 16:00:00
689,0.26,0.23,0.0,REGULAR,MU190118P00032000,USD,1547769600,0.464360825195312,False,0.21,1531239042,12567,0.0,32.0,put,127,185,2019-01-17 16:00:00
690,0.33,0.28,-0.06999999,REGULAR,MU190118P00033000,USD,1547769600,0.464360825195312,False,0.31,1531491213,252,-18.421051,33.0,put,6,185,2019-01-17 16:00:00
691,0.38,0.36,0.0,REGULAR,MU190118P00034000,USD,1547769600,0.45606012695312503,False,0.37,1531246291,454,0.0,34.0,put,61,185,2019-01-17 16:00:00
692,0.46,0.44,-0.07999998,REGULAR,MU190118P00035000,USD,1547769600,0.45313046874999996,False,0.44,1531499162,22643,-15.384613,35.0,put,97,185,2019-01-17 16:00:00
693,0.56,0.53,0.0,REGULAR,MU190118P00036000,USD,1547769600,0.45215391601562505,False,0.62,1531319801,2247,0.0,36.0,put,22,185,2019-01-17 16:00:00
694,0.67,0.5700000000000001,-0.050000012,REGULAR,MU190118P00037000,USD,1547769600,0.45020081054687505,False,0.67,1531494197,29196,-6.9444456,37.0,put,6,185,2019-01-17 16:00:00
695,0.8200000000000001,0.76,-0.060000002000000004,REGULAR,MU190118P00038000,USD,1547769600,0.45215391601562505,False,0.79,1531497683,3614,-7.058824,38.0,put,11,185,2019-01-17 16:00:00
696,0.9500000000000001,0.91,-0.030000031000000003,REGULAR,MU190118P00039000,USD,1547769600,0.44824770507812406,False,0.96,1531506467,3298,-3.030306,39.0,put,5,185,2019-01-17 16:00:00
697,1.11,1.05,-0.06999993,REGULAR,MU190118P00040000,USD,1547769600,0.446294599609375,False,1.11,1531505210,35386,-5.932198,40.0,put,81,185,2019-01-17 16:00:00
698,1.26,1.24,-0.04000008,REGULAR,MU190118P00041000,USD,1547769600,0.44092355957031204,False,1.28,1531491519,2829,-3.0303092,41.0,put,10,185,2019-01-17 16:00:00
699,1.46,1.44,-0.13999999,REGULAR,MU190118P00042000,USD,1547769600,0.43970286865234304,False,1.47,1531499936,16133,-8.695651,42.0,put,16,185,2019-01-17 16:00:00
700,1.6800000000000002,1.6400000000000001,-0.100000024,REGULAR,MU190118P00043000,USD,1547769600,0.43823803955078106,False,1.72,1531493721,2071,-5.494507,43.0,put,6,185,2019-01-17 16:00:00
701,1.92,1.87,-0.03999996,REGULAR,MU190118P00044000,USD,1547769600,0.436773210449218,False,2.04,1531489955,2722,-1.9230751,44.0,put,7,185,2019-01-17 16:00:00
702,2.18,2.13,-0.12999988,REGULAR,MU190118P00045000,USD,1547769600,0.43506424316406206,False,2.22,1531502278,19719,-5.5319095,45.0,put,80,185,2019-01-17 16:00:00
703,2.46,2.41,0.0,REGULAR,MU190118P00046000,USD,1547769600,0.433233206787109,False,2.65,1531415588,2187,0.0,46.0,put,143,185,2019-01-17 16:00:00
704,2.76,2.71,-0.20000005,REGULAR,MU190118P00047000,USD,1547769600,0.431158032226562,False,2.75,1531510374,12707,-6.7796626,47.0,put,418,185,2019-01-17 16:00:00
705,3.1,3.05,-0.20000005,REGULAR,MU190118P00048000,USD,1547769600,0.430425617675781,False,3.1,1531510646,4016,-6.060608,48.0,put,12,185,2019-01-17 16:00:00
706,3.45,3.4,-0.29999995,REGULAR,MU190118P00049000,USD,1547769600,0.428716650390625,False,3.4,1531495444,2371,-8.108107,49.0,put,5,185,2019-01-17 16:00:00
707,3.85,3.75,-0.19000006,REGULAR,MU190118P00050000,USD,1547769600,0.428838719482421,False,3.87,1531507434,31763,-4.6798043,50.0,put,73,185,2019-01-17 16:00:00
708,4.9,4.8,-0.2999997,REGULAR,MU190118P00052500,USD,1547769600,0.42505457763671806,False,4.9,1531508004,17628,-5.7692256,52.5,put,50,185,2019-01-17 16:00:00
709,6.1,5.95,-0.3499999,REGULAR,MU190118P00055000,USD,1547769600,0.42127043579101503,False,6.05,1531511311,15921,-5.4687486,55.0,put,109,185,2019-01-17 16:00:00
710,7.4,7.3,-0.35000038,REGULAR,MU190118P00057500,USD,1547769600,0.414800773925781,True,7.45,1531508948,4479,-4.4871845,57.5,put,42,185,2019-01-17 16:00:00
711,8.9,8.75,-0.54999924,REGULAR,MU190118P00060000,USD,1547769600,0.411993184814453,True,8.85,1531511368,7553,-5.851056,60.0,put,116,185,2019-01-17 16:00:00
712,10.5,10.35,-0.14999962,REGULAR,MU190118P00062500,USD,1547769600,0.407110421142578,True,10.8,1531489539,4028,-1.3698596,62.5,put,30,185,2019-01-17 16:00:00
713,12.2,12.05,-1.3500003999999999,REGULAR,MU190118P00065000,USD,1547769600,0.40051869018554603,True,12.15,1531491093,1297,-10.000003,65.0,put,1,185,2019-01-17 16:00:00
714,14.05,13.9,-1.7999991999999998,REGULAR,MU190118P00067500,USD,1547769600,0.39624627197265605,True,13.85,1531495425,1142,-11.501594,67.5,put,4,185,2019-01-17 16:00:00
715,16.0,15.85,0.0,REGULAR,MU190118P00070000,USD,1547769600,0.39185178466796805,True,17.5,1531337600,1845,0.0,70.0,put,12,185,2019-01-17 16:00:00
716,23.05,22.25,-1.4500008,REGULAR,MU190118P00075000,USD,1547769600,0.5787395642089841,True,23.05,1530886601,496,-5.9183707,75.0,put,4,185,2019-01-17 16:00:00
717,27.6,26.85,0.0,REGULAR,MU190118P00080000,USD,1547769600,0.6081582153320311,True,27.85,1530802030,320,0.0,80.0,put,8,185,2019-01-17 16:00:00
718,29.25,28.9,3.1000004,REGULAR,MU190118P00085000,USD,1547769600,0.360357958984374,True,28.95,1531491686,502,11.992265,85.0,put,16,185,2019-01-17 16:00:00
719,33.9,33.7,0.0,REGULAR,MU190118P00090000,USD,1547769600,0.28711650390624904,True,35.1,1531230667,296,0.0,90.0,put,16,185,2019-01-17 16:00:00
720,38.2,37.7,2.2000007999999998,REGULAR,MU190118P00095000,USD,1547769600,1e-05,True,37.75,1529697264,120,6.1884694,95.0,put,8,185,2019-01-17 16:00:00
721,28.25,27.5,0.9300003,REGULAR,MU190621C00030000,USD,1561075200,0.608402353515625,True,27.65,1531504852,20,3.4805403,30.0,call,3,339,2019-06-20 17:00:00
722,23.9,23.25,0.6700001,REGULAR,MU190621C00035000,USD,1561075200,0.5554243676757811,True,23.5,1531493663,22,2.9347353,35.0,call,25,339,2019-06-20 17:00:00
723,19.7,19.4,0.069999695,REGULAR,MU190621C00040000,USD,1561075200,0.513432600097656,True,19.75,1531766472,337,0.3556895,40.0,call,3,339,2019-06-20 17:00:00
724,16.3,16.1,0.8500004,REGULAR,MU190621C00045000,USD,1561075200,0.505498109130859,True,16.9,1531751984,43,5.295953,45.0,call,31,339,2019-06-20 17:00:00
725,13.25,13.1,0.6000004,REGULAR,MU190621C00050000,USD,1561075200,0.48718774536132803,True,13.85,1531751912,230,4.528305,50.0,call,25,339,2019-06-20 17:00:00
726,11.95,11.75,0.21000004,REGULAR,MU190621C00052500,USD,1561075200,0.482671188964843,True,12.1,1531763723,134,1.7661902999999999,52.5,call,2,339,2019-06-20 17:00:00
727,10.75,10.55,0.17000008,REGULAR,MU190621C00055000,USD,1561075200,0.47845980529785104,True,10.8,1531766698,921,1.5992482,55.0,call,16,339,2019-06-20 17:00:00
728,9.65,9.45,0.39999962,REGULAR,MU190621C00057500,USD,1561075200,0.47461462890625,False,10.0,1531758915,114,4.1666627,57.5,call,17,339,2019-06-20 17:00:00
729,8.65,8.45,0.25,REGULAR,MU190621C00060000,USD,1561075200,0.47131876342773404,False,8.75,1531764201,767,2.9411764,60.0,call,21,339,2019-06-20 17:00:00
730,6.95,6.75,0.7000003,REGULAR,MU190621C00065000,USD,1561075200,0.46716841430664,False,6.9,1531767697,251,11.290327,65.0,call,115,339,2019-06-20 17:00:00
731,5.55,5.35,0.1500001,REGULAR,MU190621C00070000,USD,1561075200,0.46326220336914004,False,5.55,1531766640,247,2.7777796,70.0,call,20,339,2019-06-20 17:00:00
732,4.4,4.25,0.54999995,REGULAR,MU190621C00075000,USD,1561075200,0.45923392333984303,False,4.25,1531509762,378,14.864863,75.0,call,13,339,2019-06-20 17:00:00
733,3.5,3.35,0.099999905,REGULAR,MU190621C00080000,USD,1561075200,0.45697564514160105,False,3.6,1531758106,147,2.8571400000000002,80.0,call,25,339,2019-06-20 17:00:00
734,0.52,0.48,-0.00999999,REGULAR,MU190621P00030000,USD,1561075200,0.437505625,False,0.49,1531769220,66,-1.9999981,30.0,put,1,339,2019-06-20 17:00:00
735,1.16,1.1,-0.09000003000000001,REGULAR,MU190621P00035000,USD,1561075200,0.430425617675781,False,1.06,1531749313,2039,-7.82609,35.0,put,1,339,2019-06-20 17:00:00
736,2.18,2.07,0.0,REGULAR,MU190621P00040000,USD,1561075200,0.42285733398437503,False,2.4,1531325751,2492,0.0,40.0,put,4,339,2019-06-20 17:00:00
737,3.7,3.55,-0.08000016,REGULAR,MU190621P00045000,USD,1561075200,0.41895112304687504,False,3.55,1531758051,7902,-2.203861,45.0,put,22,339,2019-06-20 17:00:00
738,5.6,5.4,-0.19999981,REGULAR,MU190621P00050000,USD,1561075200,0.409551802978515,False,5.5,1531491524,7848,-3.5087686,50.0,put,5,339,2019-06-20 17:00:00
739,6.7,6.6,0.0,REGULAR,MU190621P00052500,USD,1561075200,0.40381455566406205,False,6.95,1531415329,279,0.0,52.5,put,83,339,2019-06-20 17:00:00
740,8.0,7.85,-0.3000002,REGULAR,MU190621P00055000,USD,1561075200,0.40222765747070305,False,7.99,1531507111,339,-3.61882,55.0,put,1,339,2019-06-20 17:00:00
741,9.3,9.2,-1.2699995,REGULAR,MU190621P00057500,USD,1561075200,0.39539178833007804,True,9.35,1531509058,203,-11.958563999999999,57.5,put,3,339,2019-06-20 17:00:00
742,10.8,10.65,0.0,REGULAR,MU190621P00060000,USD,1561075200,0.39295040649414004,True,11.1,1531421706,199,0.0,60.0,put,46,339,2019-06-20 17:00:00
743,14.15,14.05,-1.5,REGULAR,MU190621P00065000,USD,1561075200,0.390386955566406,True,13.5,1531751861,154,-10.0,65.0,put,1,339,2019-06-20 17:00:00
744,17.7,17.55,-0.39999962,REGULAR,MU190621P00070000,USD,1561075200,0.380377290039062,True,17.65,1531767459,237,-2.2160645,70.0,put,8,339,2019-06-20 17:00:00
745,21.5,21.3,0.0,REGULAR,MU190621P00075000,USD,1561075200,0.366461413574218,True,22.0,1531422712,205,0.0,75.0,put,29,339,2019-06-20 17:00:00
746,25.55,25.35,0.0,REGULAR,MU190621P00080000,USD,1561075200,0.349615878906249,True,25.5,1531540586,3,0.0,80.0,put,10,339,2019-06-20 17:00:00
747,40.3,39.05,0.0,REGULAR,MU200117C00018000,USD,1579219200,0.7648949291992181,True,37.33,1531324658,220,0.0,18.0,call,5,549,2020-01-16 16:00:00
748,38.45,37.2,0.0,REGULAR,MU200117C00020000,USD,1579219200,0.72070591796875,True,36.5,1531244776,329,0.0,20.0,call,2,549,2020-01-16 16:00:00
749,35.7,34.5,0.0,REGULAR,MU200117C00023000,USD,1579219200,0.666141033935547,True,34.08,1531233064,160,0.0,23.0,call,1,549,2020-01-16 16:00:00
750,35.05,33.75,-3.2000007999999998,REGULAR,MU200117C00025000,USD,1579219200,0.7377955908203121,True,34.2,1529697338,350,-8.556151,25.0,call,25,549,2020-01-16 16:00:00
751,31.4,30.2,2.9799995,REGULAR,MU200117C00028000,USD,1579219200,0.604496142578125,True,30.8,1531510467,268,10.711717,28.0,call,2,549,2020-01-16 16:00:00
752,29.75,28.6,0.0,REGULAR,MU200117C00030000,USD,1579219200,0.586918193359375,True,28.4,1531425465,2785,0.0,30.0,call,45,549,2020-01-16 16:00:00
753,28.15,27.05,0.0,REGULAR,MU200117C00032000,USD,1579219200,0.5715374877929681,True,26.8,1531243717,735,0.0,32.0,call,2,549,2020-01-16 16:00:00
754,25.9,24.8,0.8200016,REGULAR,MU200117C00035000,USD,1579219200,0.5529829858398431,True,25.2,1531510275,1401,3.3634193,35.0,call,11,549,2020-01-16 16:00:00
755,21.7,20.85,0.0,REGULAR,MU200117C00037000,USD,1579219200,0.407964904785156,True,22.0,1530020451,583,0.0,37.0,call,1,549,2020-01-16 16:00:00
756,22.35,21.35,0.70000076,REGULAR,MU200117C00040000,USD,1579219200,0.527226407470703,True,21.5,1531506871,3030,3.3653884,40.0,call,13,549,2020-01-16 16:00:00
757,21.05,20.0,1.1499996,REGULAR,MU200117C00042000,USD,1579219200,0.51758294921875,True,20.5,1531493635,2424,5.9431505,42.0,call,3,549,2020-01-16 16:00:00
758,18.95,18.2,0.9300003,REGULAR,MU200117C00045000,USD,1579219200,0.501713967285156,True,18.7,1531497662,3561,5.233541,45.0,call,11,549,2020-01-16 16:00:00
759,18.1,17.2,0.8400001500000001,REGULAR,MU200117C00047000,USD,1579219200,0.505498109130859,True,17.62,1531492132,1512,5.00596,47.0,call,4,549,2020-01-16 16:00:00
760,16.05,15.6,0.22000027,REGULAR,MU200117C00050000,USD,1579219200,0.49774672180175705,True,15.87,1531511843,6697,1.4057525,50.0,call,44,549,2020-01-16 16:00:00
761,15.15,14.6,0.65999985,REGULAR,MU200117C00052500,USD,1579219200,0.505498109130859,True,14.66,1531510099,1499,4.7142844,52.5,call,2,549,2020-01-16 16:00:00
762,13.8,13.5,0.48999977,REGULAR,MU200117C00055000,USD,1579219200,0.49249775085449204,True,13.45,1531507110,9805,3.7808623,55.0,call,1137,549,2020-01-16 16:00:00
763,12.9,12.45,0.6199998999999999,REGULAR,MU200117C00057500,USD,1579219200,0.49438982177734303,False,12.5,1531511176,2233,5.218854,57.5,call,23,549,2020-01-16 16:00:00
764,11.7,11.35,0.39999962,REGULAR,MU200117C00060000,USD,1579219200,0.48261015441894506,False,11.45,1531505471,11619,3.619906,60.0,call,34,549,2020-01-16 16:00:00
765,11.15,10.35,0.15999985,REGULAR,MU200117C00062500,USD,1579219200,0.49255878540039005,False,10.25,1531489176,1741,1.5857269999999999,62.5,call,4,549,2020-01-16 16:00:00
766,10.0,9.75,0.40000057,REGULAR,MU200117C00065000,USD,1579219200,0.47839877075195303,False,9.8,1531504717,2842,4.2553253,65.0,call,27,549,2020-01-16 16:00:00
767,9.5,8.75,0.0,REGULAR,MU200117C00067500,USD,1579219200,0.485967054443359,False,7.9,1531330599,6221,0.0,67.5,call,7,549,2020-01-16 16:00:00
768,8.55,7.95,0.48999977,REGULAR,MU200117C00070000,USD,1579219200,0.475163939819335,False,8.4,1531511004,8077,6.194688,70.0,call,20,549,2020-01-16 16:00:00
769,7.25,6.9,0.40000009999999997,REGULAR,MU200117C00075000,USD,1579219200,0.47022014160156206,False,7.1,1531501393,1915,5.9701509999999995,75.0,call,30,549,2020-01-16 16:00:00
770,6.5,5.65,0.45000029999999996,REGULAR,MU200117C00080000,USD,1579219200,0.479497392578124,False,6.11,1531510935,3504,7.9505353,80.0,call,33,549,2020-01-16 16:00:00
771,5.4,4.75,0.5999998999999999,REGULAR,MU200117C00085000,USD,1579219200,0.469976003417968,False,5.4,1531501869,846,12.499998,85.0,call,135,549,2020-01-16 16:00:00
772,4.85,4.3,0.22000027,REGULAR,MU200117C00090000,USD,1579219200,0.47730014892578104,False,4.42,1531511400,6195,5.238102,90.0,call,15,549,2020-01-16 16:00:00
773,3.8,3.5,0.22000003,REGULAR,MU200117C00095000,USD,1579219200,0.45886771606445304,False,3.7,1531511313,5876,6.32184,95.0,call,178,549,2020-01-16 16:00:00
774,0.14,0.09,0.0,REGULAR,MU200117P00018000,USD,1579219200,0.45898978515625005,False,0.15,1531324787,1254,0.0,18.0,put,5,549,2020-01-16 16:00:00
775,0.21,0.15,0.049999997000000004,REGULAR,MU200117P00020000,USD,1579219200,0.44775942871093705,False,0.2,1531502965,323,33.333332,20.0,put,200,549,2020-01-16 16:00:00
776,0.5700000000000001,0.4,0.13,REGULAR,MU200117P00023000,USD,1579219200,0.477544287109375,False,0.45,1530634561,321,40.625,23.0,put,11,549,2020-01-16 16:00:00
777,0.77,0.59,0.0,REGULAR,MU200117P00025000,USD,1579219200,0.47022014160156206,False,0.65,1530033389,294,0.0,25.0,put,2,549,2020-01-16 16:00:00
778,0.9500000000000001,0.75,-0.060000002000000004,REGULAR,MU200117P00028000,USD,1579219200,0.43652907226562504,False,0.84,1531511121,2083,-6.666667,28.0,put,10,549,2020-01-16 16:00:00
779,1.28,1.0,-0.01999998,REGULAR,MU200117P00030000,USD,1579219200,0.43604079589843703,False,1.15,1531509404,2201,-1.7094002,30.0,put,52,549,2020-01-16 16:00:00
780,1.54,1.4,0.0,REGULAR,MU200117P00032000,USD,1579219200,0.42383388671875,False,1.5,1531511859,2499,0.0,32.0,put,1,549,2020-01-16 16:00:00
781,2.29,2.0,0.0,REGULAR,MU200117P00035000,USD,1579219200,0.427618028564453,False,2.15,1531421636,16653,0.0,35.0,put,3,549,2020-01-16 16:00:00
782,2.8200000000000003,2.42,-0.25,REGULAR,MU200117P00037000,USD,1579219200,0.42578699218750005,False,2.5,1531500280,8837,-9.090909,37.0,put,2,549,2020-01-16 16:00:00
783,3.5,3.4,0.0,REGULAR,MU200117P00040000,USD,1579219200,0.40979594116210905,False,3.45,1531408673,13228,0.0,40.0,put,2,549,2020-01-16 16:00:00
784,4.35,3.95,0.0,REGULAR,MU200117P00042000,USD,1579219200,0.41699801757812405,False,4.2,1531490369,5026,0.0,42.0,put,9,549,2020-01-16 16:00:00
785,5.45,5.05,-0.1500001,REGULAR,MU200117P00045000,USD,1579219200,0.41181008117675705,False,5.2,1531510252,22925,-2.8037400000000003,45.0,put,12,549,2020-01-16 16:00:00
786,6.3,5.85,-0.1500001,REGULAR,MU200117P00047000,USD,1579219200,0.4101621484375,False,6.0,1531500401,6972,-2.4390259,47.0,put,7,549,2020-01-16 16:00:00
787,7.65,7.1,-0.25,REGULAR,MU200117P00050000,USD,1579219200,0.406011799316406,False,7.3,1531510929,15133,-3.311258,50.0,put,89,549,2020-01-16 16:00:00
788,8.9,8.3,-0.3000002,REGULAR,MU200117P00052500,USD,1579219200,0.40344834838867105,False,8.55,1531500401,3831,-3.3898325,52.5,put,9,549,2020-01-16 16:00:00
789,10.2,9.7,-0.40000057,REGULAR,MU200117P00055000,USD,1579219200,0.39935903381347604,False,9.7,1531493179,4770,-3.9604014999999997,55.0,put,2509,549,2020-01-16 16:00:00
790,11.6,10.9,0.0,REGULAR,MU200117P00057500,USD,1579219200,0.39581903015136705,True,11.44,1531244685,369,0.0,57.5,put,2,549,2020-01-16 16:00:00
791,13.1,12.3,0.0,REGULAR,MU200117P00060000,USD,1579219200,0.39295040649414004,True,13.0,1531424521,7475,0.0,60.0,put,2501,549,2020-01-16 16:00:00
792,14.65,14.1,-1.0100002,REGULAR,MU200117P00062500,USD,1579219200,0.38904419555664005,True,14.2,1531491168,402,-6.6403694,62.5,put,2,549,2020-01-16 16:00:00
793,16.35,15.55,0.0,REGULAR,MU200117P00065000,USD,1579219200,0.38788453918457005,True,16.21,1531244685,358,0.0,65.0,put,2,549,2020-01-16 16:00:00
794,18.1,17.35,-0.8899994,REGULAR,MU200117P00067500,USD,1579219200,0.385992468261718,True,17.6,1531491077,212,-4.81341,67.5,put,10,549,2020-01-16 16:00:00
795,19.5,18.95,0.0,REGULAR,MU200117P00070000,USD,1579219200,0.36859762268066404,True,19.7,1531406712,5475,0.0,70.0,put,1,549,2020-01-16 16:00:00
796,25.0,24.45,0.0,REGULAR,MU200117P00075000,USD,1579219200,0.42938803039550705,True,24.3,1530625605,313,0.0,75.0,put,50,549,2020-01-16 16:00:00
797,27.35,26.7,0.0,REGULAR,MU200117P00080000,USD,1579219200,0.359991751708984,True,28.2,1531316660,621,0.0,80.0,put,10,549,2020-01-16 16:00:00
798,31.35,30.95,-1.9900017,REGULAR,MU200117P00085000,USD,1579219200,0.345221391601562,True,31.05,1531496537,179,-6.0230074,85.0,put,2,549,2020-01-16 16:00:00
799,36.05,34.95,0.0,REGULAR,MU200117P00090000,USD,1579219200,0.35706209350585905,True,37.05,1531324327,351,0.0,90.0,put,43,549,2020-01-16 16:00:00
800,43.25,41.75,0.0,REGULAR,MU200117P00095000,USD,1579219200,0.48584498535156206,True,42.1,1530799031,101,0.0,95.0,put,5,549,2020-01-16 16:00:00
